!           X_ 1            Y_ 1           X_ 2            Y_ 2           X_ 3            Y_ 3           X_ 4            Y_ 4           X_ 5            Y_ 5           X_ 6            Y_ 6
!------------------------------------------------------------------------------------------------------------------------------------------------------------------------------------------------
        52.82777       194.13333        52.82777       211.05688        52.82777       210.08871        52.82777       211.99054        52.82777      -330.31696        53.84892       -76.44695
        52.84077       214.81599        52.84077       211.03386        52.84077       210.02493        52.84077       211.97415        52.84077      -309.61789        56.45376       -76.44695
        52.85376       236.59802        52.85376       211.01263        52.85376       209.96124        52.85376       211.95964        52.85376      -287.82135 000000000000000 000000000000000
        52.86676       210.21309        52.86676       210.99330        52.86676       209.89760        52.86676       211.94710        52.86676      -314.19376 000000000000000 000000000000000
        52.87976       222.66347        52.87976       210.97595        52.87976       209.83405        52.87976       211.93660        52.87976      -301.73288 000000000000000 000000000000000
        52.89277       184.11748        52.89277       210.96069        52.89277       209.77055        52.89277       211.92828        52.89277      -340.27054 000000000000000 000000000000000
        52.90577       191.65636        52.90577       210.94765        52.90577       209.70714        52.90577       211.92223        52.90577      -332.72562 000000000000000 000000000000000
        52.91877       196.54791        52.91877       210.93690        52.91877       209.64380        52.91877       211.91858        52.91877      -327.83041 000000000000000 000000000000000
        52.93177       210.15211        52.93177       210.92862        52.93177       209.58054        52.93177       211.91747        52.93177      -314.22510 000000000000000 000000000000000
        52.94477       212.00154        52.94477       210.92293        52.94477       209.51735        52.94477       211.91901        52.94477      -312.37720 000000000000000 000000000000000
        52.95776       222.28412        52.95776       210.91997        52.95776       209.45427        52.95776       211.92337        52.95776      -302.09900 000000000000000 000000000000000
        52.97076       224.84859        52.97076       210.91989        52.97076       209.39124        52.97076       211.93069        52.97076      -299.54184 000000000000000 000000000000000
        52.98376       225.83868        52.98376       210.92287        52.98376       209.32831        52.98376       211.94116        52.98376      -298.56223 000000000000000 000000000000000
        52.99677       216.07599        52.99677       210.92908        52.99677       209.26544        52.99677       211.95494        52.99677      -308.33868 000000000000000 000000000000000
        53.00977       217.27043        53.00977       210.93872        53.00977       209.20267        53.00977       211.97223        53.00977      -307.16153 000000000000000 000000000000000
        53.02277       216.38696        53.02277       210.95200        53.02277       209.13998        53.02277       211.99324        53.02277      -308.06601 000000000000000 000000000000000
        53.03577       214.40678        53.03577       210.96913        53.03577       209.07739        53.03577       212.01820        53.03577      -310.07117 000000000000000 000000000000000
        53.04876       226.60117        53.04876       210.99037        53.04876       209.01489        53.04876       212.04735        53.04876      -297.90591 000000000000000 000000000000000
        53.06176       237.77728        53.06176       211.01596        53.06176       208.95248        53.06176       212.08096        53.06176      -286.76343 000000000000000 000000000000000
        53.07476       234.62822        53.07476       211.04620        53.07476       208.89015        53.07476       212.11929        53.07476      -289.95081 000000000000000 000000000000000
        53.08776       201.93471        53.08776       211.08139        53.08776       208.82791        53.08776       212.16267        53.08776      -322.68771 000000000000000 000000000000000
        53.10077       197.98392        53.10077       211.12186        53.10077       208.76578        53.10077       212.21143        53.10077      -326.68726 000000000000000 000000000000000
        53.11377       213.28366        53.11377       211.16797        53.11377       208.70372        53.11377       212.26590        53.11377      -311.44199 000000000000000 000000000000000
        53.12677       220.91353        53.12677       211.22009        53.12677       208.64177        53.12677       212.32651        53.12677      -303.87271 000000000000000 000000000000000
        53.13977       218.41125        53.13977       211.27867        53.13977       208.57993        53.13977       212.39366        53.13977      -306.44214 000000000000000 000000000000000
        53.15276       190.79980        53.15276       211.34415        53.15276       208.51819        53.15276       212.46780        53.15276      -334.12775 000000000000000 000000000000000
        53.16576       203.04324        53.16576       211.41704        53.16576       208.45654        53.16576       212.54947        53.16576      -321.96597 000000000000000 000000000000000
        53.17876       219.88480        53.17876       211.49789        53.17876       208.39500        53.17876       212.63922        53.17876      -305.21417 000000000000000 000000000000000
        53.19176       228.42889        53.19176       211.58733        53.19176       208.33356        53.19176       212.73763        53.19176      -296.76846 000000000000000 000000000000000
        53.20477       229.66467        53.20477       211.68597        53.20477       208.27222        53.20477       212.84537        53.20477      -295.64044 000000000000000 000000000000000
        53.21777       229.59341        53.21777       211.79457        53.21777       208.21100        53.21777       212.96317        53.21777      -295.82950 000000000000000 000000000000000
        53.23077       222.86954        53.23077       211.91393        53.23077       208.14989        53.23077       213.09181        53.23077      -302.68201 000000000000000 000000000000000
        53.24377       213.89391        53.24377       212.04489        53.24377       208.08888        53.24377       213.23221        53.24377      -311.79803 000000000000000 000000000000000
        53.25676       208.48735        53.25676       212.18840        53.25676       208.02800        53.25676       213.38525        53.25676      -317.35764 000000000000000 000000000000000
        53.26976       224.32312        53.26976       212.34564        53.26976       207.96722        53.26976       213.55212        53.26976      -301.68875 000000000000000 000000000000000
        53.28276       238.65399        53.28276       212.51773        53.28276       207.90657        53.28276       213.73398        53.28276      -287.53973 000000000000000 000000000000000
        53.29576       218.84618        53.29576       212.70599        53.29576       207.84602        53.29576       213.93213        53.29576      -307.54568 000000000000000 000000000000000
        53.30877       183.97942        53.30877       212.91191        53.30877       207.78561        53.30877       214.14807        53.30877      -342.62839 000000000000000 000000000000000
        53.32177       182.73854        53.32177       213.13715        53.32177       207.72531        53.32177       214.38342        53.32177      -344.10461 000000000000000 000000000000000
        53.33477       203.38246        53.33477       213.38351        53.33477       207.66515        53.33477       214.64005        53.33477      -323.71732 000000000000000 000000000000000
        53.34777       215.35637        53.34777       213.65309        53.34777       207.60510        53.34777       214.92000        53.34777      -312.02338 000000000000000 000000000000000
        53.36076       208.66478        53.36076       213.94810        53.36076       207.54521        53.36076       215.22552        53.36076      -319.02048 000000000000000 000000000000000
        53.37376       216.64140        53.37376       214.27136        53.37376       207.48543        53.37376       215.55942        53.37376      -311.37775 000000000000000 000000000000000
        53.38676       230.53105        53.38676       214.62573        53.38676       207.42578        53.38676       215.92458        53.38676      -297.85327 000000000000000 000000000000000
        53.39977       226.32637        53.39977       215.01460        53.39977       207.36626        53.39977       216.32434        53.39977      -302.45770 000000000000000 000000000000000
        53.41277       206.71471        53.41277       215.44179        53.41277       207.30688        53.41277       216.76257        53.41277      -322.50760 000000000000000 000000000000000
        53.42577       184.50667        53.42577       215.91167        53.42577       207.24765        53.42577       217.24364        53.42577      -345.19672 000000000000000 000000000000000
        53.43877       206.38527        53.43877       216.42926        53.43877       207.18857        53.43877       217.77257        53.43877      -323.84705 000000000000000 000000000000000
        53.45177       215.88972        53.45177       217.00037        53.45177       207.12962        53.45177       218.35515        53.45177      -314.92517 000000000000000 000000000000000
        53.46476       207.09848        53.46476       217.63144        53.46476       207.07083        53.46476       218.99785        53.46476      -324.35910 000000000000000 000000000000000
        53.47776       228.06148        53.47776       218.33061        53.47776       207.01219        53.47776       219.70879        53.47776      -304.10706 000000000000000 000000000000000
        53.49076       217.34900        53.49076       219.10672        53.49076       206.95369        53.49076       220.49683        53.49076      -315.60757 000000000000000 000000000000000
        53.50377       208.88568        53.50377       219.97034        53.50377       206.89536        53.50377       221.37253        53.50377      -324.94659 000000000000000 000000000000000
        53.51677       227.44356        53.51677       220.93393        53.51677       206.83717        53.51677       222.34836        53.51677      -307.36453 000000000000000 000000000000000
        53.52977       243.35052        53.52977       222.01228        53.52977       206.77916        53.52977       223.43910        53.52977      -292.54831 000000000000000 000000000000000
        53.54277       246.68950        53.54277       223.22318        53.54277       206.72130        53.54277       224.66257        53.54277      -290.43280 000000000000000 000000000000000
        53.55576       243.41956        53.55576       224.58780        53.55576       206.66362        53.55576       226.03990        53.55576      -295.08008 000000000000000 000000000000000
        53.56876       242.34814        53.56876       226.13376        53.56876       206.60611        53.56876       227.59877        53.56876      -297.71036 000000000000000 000000000000000
        53.58176       227.17685        53.58176       227.89482        53.58176       206.54875        53.58176       229.37289        53.58176      -314.65579 000000000000000 000000000000000
        53.59476       253.32834        53.59476       229.91568        53.59476       206.49159        53.59476       231.40700        53.59476      -290.53839 000000000000000 000000000000000
        53.60777       237.31087        53.60777       232.25676        53.60777       206.43460        53.60777       233.76149        53.60777      -308.91037 000000000000000 000000000000000
        53.62077       232.86180        53.62077       235.00180        53.62077       206.37779        53.62077       236.52013        53.62077      -316.11807 000000000000000 000000000000000
        53.63377       241.02475        53.63377       238.26888        53.63377       206.32117        53.63377       239.80099        53.63377      -311.23599 000000000000000 000000000000000
        53.64677       255.25215        53.64677       242.22498        53.64677       206.26472        53.64677       243.77106        53.64677      -300.97864 000000000000000 000000000000000
        53.65976       269.72437        53.65976       247.10217        53.65976       206.20851        53.65976       248.66241        53.65976      -291.39780 000000000000000 000000000000000
        53.67276       245.51170        53.67276       253.22243        53.67276       206.15247        53.67276       254.79701        53.67276      -321.74506 000000000000000 000000000000000
        53.68576       245.12462        53.68576       261.00500        53.68576       206.09662        53.68576       262.59412        53.68576      -329.92923 000000000000000 000000000000000
        53.69876       257.29330        53.69876       270.97867        53.69876       206.04097        53.69876       272.58252        53.69876      -327.74896 000000000000000 000000000000000
        53.71177       272.92221        53.71177       283.77078        53.71177       205.98553        53.71177       285.38956        53.71177      -324.92709 000000000000000 000000000000000
        53.72477       315.07626        53.72477       300.07407        53.72477       205.93031        53.72477       301.70795        53.72477      -299.09143 000000000000000 000000000000000
        53.73777       323.55508        53.73777       320.58505        53.73777       205.87531        53.73777       322.23425        53.73777      -311.13892 000000000000000 000000000000000
        53.75077       328.82187        53.75077       345.91107        53.75077       205.82051        53.75077       347.57578        53.75077      -331.21365 000000000000000 000000000000000
        53.76376       369.55862        53.76376       376.43124        53.76376       205.76596        53.76376       378.11163        53.76376      -321.01276 000000000000000 000000000000000
        53.77676       402.29172        53.77676       412.15015        53.77676       205.71162        53.77676       413.84644        53.77676      -324.01447 000000000000000 000000000000000
        53.78976       456.32932        53.78976       452.36356        53.78976       205.65752        53.78976       454.07590        53.78976      -310.20633 000000000000000 000000000000000
        53.80276       481.34805        53.80276       495.26263        53.80276       205.60365        53.80276       496.99130        53.80276      -328.10300 000000000000000 000000000000000
        53.81577       540.89716        53.81577       537.39648        53.81577       205.55002        53.81577       539.14178        53.81577      -310.70438 000000000000000 000000000000000
        53.82877       596.51532        53.82877       573.45178        53.82877       205.49664        53.82877       575.21393        53.82877      -291.15836 000000000000000 000000000000000
        53.84177       656.35486        53.84177       597.22394        53.84177       205.44351        53.84177       599.00323        53.84177      -255.10811 000000000000000 000000000000000
        53.85477       611.62714        53.85477       604.26440        53.85477       205.39063        53.85477       606.06122        53.85477      -306.89383 000000000000000 000000000000000
        53.86776       600.62378        53.86776       594.65576        53.86776       205.33803        53.86776       596.47040        53.86776      -308.30637 000000000000000 000000000000000
        53.88076       576.93787        53.88076       573.13379        53.88076       205.28568        53.88076       574.96661        53.88076      -310.48849 000000000000000 000000000000000
        53.89376       562.74408        53.89376       546.42181        53.89376       205.23360        53.89376       548.27313        53.89376      -297.98880 000000000000000 000000000000000
        53.90676       505.58374        53.90676       520.37738        53.90676       205.18179        53.90676       522.24744        53.90676      -329.12344 000000000000000 000000000000000
        53.91977       457.24847        53.91977       498.75760        53.91977       205.13028        53.91977       500.64670        53.91977      -355.85797 000000000000000 000000000000000
        53.93277       457.76395        53.93277       483.22495        53.93277       205.07904        53.93277       485.13333        53.93277      -339.82913 000000000000000 000000000000000
        53.94577       446.77020        53.94577       473.65918        53.94577       205.02811        53.94577       475.58710        53.94577      -341.27664 000000000000000 000000000000000
        53.95877       440.73795        53.95877       468.34320        53.95877       204.97748        53.95877       470.29095        53.95877      -342.01276 000000000000000 000000000000000
        53.97176       488.91077        53.97176       464.16675        53.97176       204.92715        53.97176       466.13461        53.97176      -289.68359 000000000000000 000000000000000
        53.98476       507.30237        53.98476       457.33765        53.98476       204.87714        53.98476       459.32593        53.98476      -264.48331 000000000000000 000000000000000
        53.99776       471.11063        53.99776       444.87811        53.99776       204.82744        53.99776       446.88718        53.99776      -288.23630 000000000000000 000000000000000
        54.01077       442.47141        54.01077       426.08472        54.01077       204.77806        54.01077       428.11493        54.01077      -298.10327 000000000000000 000000000000000
        54.02377       431.40237        54.02377       402.61142        54.02377       204.72902        54.02377       404.66315        54.02377      -285.72052 000000000000000 000000000000000
        54.03677       394.63559        54.03677       377.15527        54.03677       204.68031        54.03677       379.22885        54.03677      -297.05301 000000000000000 000000000000000
        54.04977       353.64343        54.04977       352.10416        54.04977       204.63196        54.04977       354.19995        54.04977      -313.01627 000000000000000 000000000000000
        54.06277       297.17789        54.06277       328.99802        54.06277       204.58395        54.06277       331.11636        54.06277      -346.39822 000000000000000 000000000000000
        54.07576       309.88693        54.07576       308.61151        54.07576       204.53633        54.07576       310.75275        54.07576      -313.32556 000000000000000 000000000000000
        54.08876       278.20447        54.08876       291.18106        54.08876       204.48906        54.08876       293.34555        54.08876      -327.60083 000000000000000 000000000000000
        54.10176       271.11566        54.10176       276.64694        54.10176       204.44217        54.10176       278.83502        54.10176      -320.17911 000000000000000 000000000000000
        54.11477       232.04794        54.11477       264.76144        54.11477       204.39566        54.11477       266.97351        54.11477      -347.38531 000000000000000 000000000000000
        54.12777       270.52301        54.12777       255.18091        54.12777       204.34955        54.12777       257.41736        54.12777      -299.35410 000000000000000 000000000000000
        54.14077       275.81805        54.14077       247.52570        54.14077       204.30383        54.14077       249.78691        54.14077      -286.42859 000000000000000 000000000000000
        54.15377       229.74084        54.15377       241.42377        54.15377       204.25854        54.15377       243.71013        54.15377      -326.42902 000000000000000 000000000000000
        54.16676       257.82993        54.16676       236.54108        54.16676       204.21367        54.16676       238.85301        54.16676      -293.48282 000000000000000 000000000000000
        54.17976       224.87943        54.17976       232.59198        54.17976       204.16924        54.17976       234.92992        54.17976      -322.51022 000000000000000 000000000000000
        54.19276       258.57602        54.19276       229.35216        54.19276       204.12523        54.19276       231.71654        54.19276      -285.60025 000000000000000 000000000000000
        54.20576       230.34633        54.20576       226.64888        54.20576       204.08167        54.20576       229.04015        54.20576      -311.15356 000000000000000 000000000000000
        54.21877       211.79463        54.21877       224.35439        54.21877       204.03857        54.21877       226.77299        54.21877      -327.43811 000000000000000 000000000000000
        54.23177       210.88614        54.23177       222.37617        54.23177       203.99596        54.23177       224.82260        54.23177      -326.39621 000000000000000 000000000000000
        54.24477       211.00153        54.24477       220.64778        54.24477       203.95381        54.24477       223.12250        54.24477      -324.58072 000000000000000 000000000000000
        54.25777       189.38191        54.25777       219.12117        54.25777       203.91217        54.25777       221.62468        54.25777      -344.70251 000000000000000 000000000000000
        54.27076       219.34125        54.27076       217.76143        54.27076       203.87105        54.27076       220.29422        54.27076      -313.41272 000000000000000 000000000000000
        54.28376       220.71294        54.28376       216.54109        54.28376       203.83041        54.28376       219.10368        54.28376      -310.85049 000000000000000 000000000000000
        54.29676       235.02707        54.29676       215.43988        54.29676       203.79033        54.29676       218.03281        54.29676      -295.46548 000000000000000 000000000000000
        54.30976       218.20572        54.30976       214.44122        54.30976       203.75078        54.30976       217.06503        54.30976      -311.31906 000000000000000 000000000000000
        54.32277       213.18663        54.32277       213.53165        54.32277       203.71178        54.32277       216.18689        54.32277      -315.45999 000000000000000 000000000000000
        54.33577       209.78152        54.33577       212.69992        54.33577       203.67334        54.33577       215.38716        54.33577      -318.06537 000000000000000 000000000000000
        54.34877       224.10818        54.34877       211.93657        54.34877       203.63550        54.34877       214.65639        54.34877      -303.00793 000000000000000 000000000000000
        54.36177       217.79440        54.36177       211.23358        54.36177       203.59825        54.36177       213.98659        54.36177      -308.65192 000000000000000 000000000000000
        54.37476       208.02423        54.37476       210.58427        54.37476       203.56161        54.37476       213.37106        54.37476      -317.80658 000000000000000 000000000000000
        54.38776       209.82820        54.38776       209.98236        54.38776       203.52560        54.38776       212.80356        54.38776      -315.43509 000000000000000 000000000000000
        54.40076       213.26781        54.40076       209.42291        54.40076       203.49023        54.40076       212.27916        54.40076      -311.47110 000000000000000 000000000000000
        54.41376       214.74706        54.41376       208.90149        54.41376       203.45552        54.41376       211.79346        54.41376      -309.50613 000000000000000 000000000000000
        54.42677       220.88634        54.42677       208.41423        54.42677       203.42148        54.42677       211.34258        54.42677      -302.91599 000000000000000 000000000000000
        54.43977       216.47047        54.43977       207.95773        54.43977       203.38814        54.43977       210.92317        54.43977      -306.91245 000000000000000 000000000000000
        54.45277       220.44345        54.45277       207.52904        54.45277       203.35550        54.45277       210.53226        54.45277      -302.54855 000000000000000 000000000000000
        54.46577       225.82503        54.46577       207.12550        54.46577       203.32358        54.46577       210.16724        54.46577      -296.80194 000000000000000 000000000000000
        54.47876       226.30571        54.47876       206.74493        54.47876       203.29243        54.47876       209.82593        54.47876      -295.97995 000000000000000 000000000000000
        54.49176       234.91992        54.49176       206.38504        54.49176       203.26202        54.49176       209.50606        54.49176      -287.04587 000000000000000 000000000000000
        54.50476       220.07072        54.50476       206.04411        54.50476       203.23241        54.50476       209.20593        54.50476      -301.59494 000000000000000 000000000000000
        54.51777       220.99442        54.51777       205.72052        54.51777       203.20360        54.51777       208.92395        54.51777      -300.38928 000000000000000 000000000000000
        54.53077       227.31419        54.53077       205.41278        54.53077       203.17563        54.53077       208.65868        54.53077      -293.80423 000000000000000 000000000000000
        54.54377       224.12347        54.54377       205.11963        54.54377       203.14850        54.54377       208.40881        54.54377      -296.74509 000000000000000 000000000000000
        54.55677       223.27451        54.55677       204.83986        54.55677       203.12224        54.55677       208.17322        54.55677      -297.35846 000000000000000 000000000000000
        54.56977       211.47099        54.56977       204.57242        54.56977       203.09688        54.56977       207.95084        54.56977      -308.93958 000000000000000 000000000000000
        54.58276       210.16765        54.58276       204.31644        54.58276       203.07243        54.58276       207.74081        54.58276      -310.03290 000000000000000 000000000000000
        54.59576       206.11443        54.59576       204.07088        54.59576       203.04893        54.59576       207.54221        54.59576      -313.88751 000000000000000 000000000000000
        54.60876       218.30826        54.60876       203.83505        54.60876       203.02641        54.60876       207.35428        54.60876      -301.50577 000000000000000 000000000000000
        54.62177       217.67737        54.62177       203.60826        54.62177       203.00490        54.62177       207.17638        54.62177      -301.95874 000000000000000 000000000000000
        54.63477       207.84760        54.63477       203.38982        54.63477       202.98439        54.63477       207.00787        54.63477      -311.62003 000000000000000 000000000000000
        54.64777       205.86742        54.64777       203.17917        54.64777       202.96495        54.64777       206.84821        54.64777      -313.44052 000000000000000 000000000000000
        54.66077       216.70113        54.66077       202.97575        54.66077       202.94659        54.66077       206.69685        54.66077      -302.45547 000000000000000 000000000000000
        54.67376       220.52953        54.67376       202.77916        54.67376       202.92937        54.67376       206.55342        54.67376      -298.48364 000000000000000 000000000000000
        54.68676       209.01672        54.68676       202.58879        54.68676       202.91327        54.68676       206.41740        54.68676      -309.86041 000000000000000 000000000000000
        54.69976       206.16576        54.69976       202.40431        54.69976       202.89836        54.69976       206.28844        54.69976      -312.58243 000000000000000 000000000000000
        54.71276       218.31589        54.71276       202.22533        54.71276       202.88467        54.71276       206.16620        54.71276      -300.31006 000000000000000 000000000000000
        54.72577       214.82043        54.72577       202.05151        54.72577       202.87224        54.72577       206.05037        54.72577      -303.68967 000000000000000 000000000000000
        54.73877       188.07240        54.73877       201.88252        54.73877       202.86110        54.73877       205.94066        54.73877      -330.32800 000000000000000 000000000000000
        54.75177       181.78021        54.75177       201.71806        54.75177       202.85129        54.75177       205.83681        54.75177      -336.51633 000000000000000 000000000000000
        54.76477       195.77943        54.76477       201.55786        54.76477       202.84283        54.76477       205.73859        54.76477      -322.41888 000000000000000 000000000000000
        54.77776       198.66200        54.77776       201.40172        54.77776       202.83580        54.77776       205.64581        54.77776      -319.44354 000000000000000 000000000000000
        54.79076       202.87105        54.79076       201.24930        54.79076       202.83022        54.79076       205.55823        54.79076      -315.14691 000000000000000 000000000000000
        54.80376       206.46252        54.80376       201.10042        54.80376       202.82613        54.80376       205.47569        54.80376      -311.47290 000000000000000 000000000000000
        54.81676       197.93648        54.81676       200.95490        54.81676       202.82359        54.81676       205.39806        54.81676      -319.92133 000000000000000 000000000000000
        54.82977       198.70874        54.82977       200.81253        54.82977       202.82265        54.82977       205.32516        54.82977      -319.07617 000000000000000 000000000000000
        54.84277       209.18173        54.84277       200.67314        54.84277       202.82335        54.84277       205.25691        54.84277      -308.53491 000000000000000 000000000000000
        54.85577       220.71509        54.85577       200.53658        54.85577       202.82574        54.85577       205.19318        54.85577      -296.93784 000000000000000 000000000000000
        54.86877       218.25041        54.86877       200.40268        54.86877       202.82988        54.86877       205.13385        54.86877      -299.34317 000000000000000 000000000000000
        54.88176       211.70844        54.88176       200.27136        54.88176       202.83583        54.88176       205.07887        54.88176      -305.83017 000000000000000 000000000000000
        54.89476       219.43437        54.89476       200.14238        54.89476       202.84366        54.89476       205.02814        54.89476      -298.05350 000000000000000 000000000000000
        54.90776       203.31702        54.90776       200.01567        54.90776       202.85339        54.90776       204.98161        54.90776      -314.12433 000000000000000 000000000000000
        54.92076       203.81357        54.92076       199.89113        54.92076       202.86514        54.92076       204.93922        54.92076      -313.58539 000000000000000 000000000000000
        54.93377       217.39604        54.93377       199.76862        54.93377       202.87894        54.93377       204.90094        54.93377      -299.96463 000000000000000 000000000000000
        54.94677       217.29196        54.94677       199.64806        54.94677       202.89485        54.94677       204.86673        54.94677      -300.03452 000000000000000 000000000000000
        54.95977       206.74092        54.95977       199.52934        54.95977       202.91298        54.95977       204.83655        54.95977      -310.55536 000000000000000 000000000000000
        54.97277       197.91466        54.97277       199.41238        54.97277       202.93338        54.97277       204.81042        54.97277      -319.35550 000000000000000 000000000000000
        54.98576       197.67604        54.98576       199.29712        54.98576       202.95613        54.98576       204.78831        54.98576      -319.57202 000000000000000 000000000000000
        54.99876       196.67361        54.99876       199.18343        54.99876       202.98131        54.99876       204.77023        54.99876      -320.55637 000000000000000 000000000000000
        55.01176       214.11029        55.01176       199.07126        55.01176       203.00902        55.01176       204.75620        55.01176      -303.10565 000000000000000 000000000000000
        55.02477       211.74812        55.02477       198.96053        55.02477       203.03934        55.02477       204.74622        55.02477      -305.45782 000000000000000 000000000000000
        55.03777       218.61566        55.03777       198.85118        55.03777       203.07237        55.03777       204.74033        55.03777      -298.58441 000000000000000 000000000000000
        55.05077       205.81715        55.05077       198.74316        55.05077       203.10820        55.05077       204.73854        55.05077      -311.38113 000000000000000 000000000000000
        55.06377       211.00153        55.06377       198.63638        55.06377       203.14693        55.06377       204.74094        55.06377      -306.19916 000000000000000 000000000000000
        55.07677       211.24107        55.07677       198.53082        55.07677       203.18867        55.07677       204.74754        55.07677      -305.96622 000000000000000 000000000000000
        55.08976       211.31262        55.08976       198.42645        55.08976       203.23354        55.08976       204.75844        55.08976      -305.90555 000000000000000 000000000000000
        55.10276       207.90289        55.10276       198.32314        55.10276       203.28165        55.10276       204.77365        55.10276      -309.33051 000000000000000 000000000000000
        55.11576       211.13492        55.11576       198.22089        55.11576       203.33311        55.11576       204.79330        55.11576      -306.11813 000000000000000 000000000000000
        55.12877       225.80830        55.12877       198.11964        55.12877       203.38808        55.12877       204.81744        55.12877      -291.46887 000000000000000 000000000000000
        55.14177       178.71107        55.14177       198.01936        55.14177       203.44667        55.14177       204.84619        55.14177      -338.59485 000000000000000 000000000000000
        55.15477       191.76332        55.15477       197.92001        55.15477       203.50903        55.15477       204.87962        55.15477      -325.57605 000000000000000 000000000000000
        55.16777       211.02556        55.16777       197.82155        55.16777       203.57532        55.16777       204.91788        55.16777      -306.35205 000000000000000 000000000000000
        55.18076       183.25032        55.18076       197.72397        55.18076       203.64565        55.18076       204.96103        55.18076      -334.17044 000000000000000 000000000000000
        55.19376       218.25632        55.19376       197.62718        55.19376       203.72023        55.19376       205.00925        55.19376      -299.21268 000000000000000 000000000000000
        55.20676       224.82401        55.20676       197.53117        55.20676       203.79924        55.20676       205.06267        55.20676      -292.69839 000000000000000 000000000000000
        55.21976       190.65497        55.21976       197.43593        55.21976       203.88281        55.21976       205.12143        55.21976      -326.92621 000000000000000 000000000000000
        55.23277       215.96613        55.23277       197.34142        55.23277       203.97119        55.23277       205.18570        55.23277      -301.67932 000000000000000 000000000000000
        55.24577       221.89505        55.24577       197.24759        55.24577       204.06453        55.24577       205.25565        55.24577      -295.82034 000000000000000 000000000000000
        55.25877       212.59857        55.25877       197.15443        55.25877       204.16306        55.25877       205.33145        55.25877      -305.19263 000000000000000 000000000000000
        55.27177       209.45564        55.27177       197.06192        55.27177       204.26701        55.27177       205.41331        55.27177      -308.41742 000000000000000 000000000000000
        55.28476       216.26706        55.28476       196.97006        55.28476       204.37657        55.28476       205.50142        55.28476      -301.69409 000000000000000 000000000000000
        55.29776       240.43983        55.29776       196.87877        55.29776       204.49205        55.29776       205.59604        55.29776      -277.61594 000000000000000 000000000000000
        55.31076       219.57402        55.31076       196.78806        55.31076       204.61369        55.31076       205.69739        55.31076      -298.58310 000000000000000 000000000000000
        55.32376       212.78703        55.32376       196.69789        55.32376       204.74174        55.32376       205.80573        55.32376      -305.47842 000000000000000 000000000000000
        55.33677       209.75575        55.33677       196.60828        55.33677       204.87653        55.33677       205.92130        55.33677      -308.62527 000000000000000 000000000000000
        55.34977       203.90834        55.34977       196.51917        55.34977       205.01834        55.34977       206.04443        55.34977      -314.59583 000000000000000 000000000000000
        55.36277       201.65648        55.36277       196.43056        55.36277       205.16750        55.36277       206.17540        55.36277      -316.97867 000000000000000 000000000000000
        55.37577       232.16991        55.37577       196.34242        55.37577       205.32434        55.37577       206.31454        55.37577      -286.60437 000000000000000 000000000000000
        55.38876       246.93030        55.38876       196.25479        55.38876       205.48921        55.38876       206.46217        55.38876      -271.99161 000000000000000 000000000000000
        55.40176       192.47603        55.40176       196.16756        55.40176       205.66255        55.40176       206.61873        55.40176      -326.60245 000000000000000 000000000000000
        55.41476       203.77893        55.41476       196.08078        55.41476       205.84476        55.41476       206.78456        55.41476      -315.46536 000000000000000 000000000000000
        55.42776       224.40396        55.42776       195.99440        55.42776       206.03625        55.42776       206.96011        55.42776      -295.01590 000000000000000 000000000000000
        55.44077       208.65388        55.44077       195.90843        55.44077       206.23750        55.44077       207.14581        55.44077      -310.95166 000000000000000 000000000000000
        55.45377       224.18069        55.45377       195.82286        55.45377       206.44897        55.45377       207.34215        55.45377      -295.62119 000000000000000 000000000000000
        55.46677       195.80577        55.46677       195.73766        55.46677       206.67123        55.46677       207.54961        55.46677      -324.20358 000000000000000 000000000000000
        55.47977       202.38838        55.47977       195.65282        55.47977       206.90479        55.47977       207.76877        55.47977      -317.84012 000000000000000 000000000000000
        55.49276       208.53329        55.49276       195.56836        55.49276       207.15019        55.49276       208.00011        55.49276      -311.92654 000000000000000 000000000000000
        55.50576       186.20009        55.50576       195.48421        55.50576       207.40820        55.50576       208.24440        55.50576      -334.50406 000000000000000 000000000000000
        55.51876       185.80562        55.51876       195.40039        55.51876       207.67943        55.51876       208.50224        55.51876      -335.15637 000000000000000 000000000000000
        55.53176       206.52255        55.53176       195.31689        55.53176       207.96460        55.53176       208.77434        55.53176      -314.71152 000000000000000 000000000000000
        55.54477       210.76613        55.54477       195.23370        55.54477       208.26447        55.54477       209.06143        55.54477      -310.75504 000000000000000 000000000000000
        55.55777       210.12914        55.55777       195.15082        55.55777       208.57986        55.55777       209.36438        55.55777      -311.69498 000000000000000 000000000000000
        55.57077       191.02693        55.57077       195.06822        55.57077       208.91167        55.57077       209.68402        55.57077      -331.11682 000000000000000 000000000000000
        55.58377       212.72578        55.58377       194.98592        55.58377       209.26083        55.58377       210.02129        55.58377      -309.75525 000000000000000 000000000000000
        55.59676       204.36180        55.59676       194.90388        55.59676       209.62827        55.59676       210.37711        55.59676      -318.47504 000000000000000 000000000000000
        55.60976       201.16873        55.60976       194.82211        55.60976       210.01526        55.60976       210.75275        55.60976      -322.04376 000000000000000 000000000000000
        55.62276       208.40685        55.62276       194.74059        55.62276       210.42288        55.62276       211.14928        55.62276      -315.20218 000000000000000 000000000000000
        55.63577       233.57579        55.63577       194.65932        55.63577       210.85240        55.63577       211.56795        55.63577      -290.45190 000000000000000 000000000000000
        55.64877       199.65518        55.64877       194.57829        55.64877       211.30518        55.64877       212.01012        55.64877      -324.81467 000000000000000 000000000000000
        55.66177       190.79445        55.66177       194.49748        55.66177       211.78268        55.66177       212.47725        55.66177      -334.14255 000000000000000 000000000000000
        55.67477       187.86874        55.67477       194.41692        55.67477       212.28650        55.67477       212.97092        55.67477      -337.56192 000000000000000 000000000000000
        55.68777       193.96056        55.68777       194.33656        55.68777       212.81833        55.68777       213.49283        55.68777      -331.99200 000000000000000 000000000000000
        55.70076       198.29141        55.70076       194.25645        55.70076       213.37988        55.70076       214.04468        55.70076      -328.21301 000000000000000 000000000000000
        55.71376       210.30267        55.71376       194.17653        55.71376       213.97348        55.71376       214.62877        55.71376      -316.78583 000000000000000 000000000000000
        55.72676       194.67055        55.72676       194.09680        55.72676       214.60117        55.72676       215.24716        55.72676      -333.03635 000000000000000 000000000000000
        55.73977       214.41042        55.73977       194.01729        55.73977       215.26530        55.73977       215.90221        55.73977      -313.95154 000000000000000 000000000000000
        55.75277       221.83061        55.75277       193.93794        55.75277       215.96851        55.75277       216.59648        55.75277      -307.22562 000000000000000 000000000000000
        55.76577       222.42911        55.76577       193.85880        55.76577       216.71356        55.76577       217.33282        55.76577      -307.36346 000000000000000 000000000000000
        55.77877       211.03633        55.77877       193.77983        55.77877       217.50357        55.77877       218.11429        55.77877      -319.53769 000000000000000 000000000000000
        55.79176       213.63466        55.79176       193.70105        55.79176       218.34164        55.79176       218.94400        55.79176      -317.76907 000000000000000 000000000000000
        55.80476       209.47746        55.80476       193.62244        55.80476       219.23199        55.80476       219.82614        55.80476      -322.80841 000000000000000 000000000000000
        55.81776       218.80928        55.81776       193.54398        55.81776       220.17839        55.81776       220.76453        55.81776      -314.41498 000000000000000 000000000000000
        55.83076       206.40460        55.83076       193.46568        55.83076       221.18533        55.83076       221.76360        55.83076      -327.81873 000000000000000 000000000000000
        55.84377       239.52859        55.84377       193.38754        55.84377       222.25771        55.84377       222.82826        55.84377      -295.75940 000000000000000 000000000000000
        55.85677       216.84167        55.85677       193.30957        55.85677       223.40094        55.85677       223.96394        55.85677      -319.58200 000000000000000 000000000000000
        55.86977       204.68427        55.86977       193.23174        55.86977       224.62102        55.86977       225.17662        55.86977      -332.95209 000000000000000 000000000000000
        55.88277       227.60724        55.88277       193.15404        55.88277       225.92459        55.88277       226.47292        55.88277      -311.32541 000000000000000 000000000000000
        55.89576       237.00171        55.89576       193.07652        55.89576       227.31859        55.89576       227.85980        55.89576      -303.31784 000000000000000 000000000000000
        55.90876       227.33134        55.90876       192.99910        55.90876       228.81204        55.90876       229.34628        55.90876      -314.47467 000000000000000 000000000000000
        55.92176       237.05264        55.92176       192.92183        55.92176       230.41371        55.92176       230.94109        55.92176      -306.34818 000000000000000 000000000000000
        55.93476       239.23328        55.93476       192.84468        55.93476       232.13380        55.93476       232.65446        55.93476      -305.88092 000000000000000 000000000000000
        55.94777       220.93398        55.94777       192.76767        55.94777       233.98381        55.94777       234.49788        55.94777      -326.02365 000000000000000 000000000000000
        55.96077       199.57730        55.96077       192.69078        55.96077       235.97659        55.96077       236.48421        55.96077      -349.36664 000000000000000 000000000000000
        55.97377       214.41357        55.97377       192.61401        55.97377       238.12671        55.97377       238.62798        55.97377      -336.67413 000000000000000 000000000000000
        55.98677       221.46881        55.98677       192.53735        55.98677       240.45055        55.98677       240.94560        55.98677      -331.93652 000000000000000 000000000000000
        55.99976       240.42612        55.99976       192.46085        55.99976       242.96597        55.99976       243.45491        55.99976      -315.48853 000000000000000 000000000000000
        56.01276       250.24960        56.01276       192.38441        56.01276       245.69560        56.01276       246.17856        56.01276      -308.38870 000000000000000 000000000000000
        56.02576       247.33528        56.02576       192.30811        56.02576       248.66290        56.02576       249.13997        56.02576      -314.26443 000000000000000 000000000000000
        56.03876       238.80247        56.03876       192.23190        56.03876       251.89551        56.03876       252.36679        56.03876      -326.02405 000000000000000 000000000000000
        56.05177       228.91757        56.05177       192.15579        56.05177       255.42519        56.05177       255.89079        56.05177      -339.43295 000000000000000 000000000000000
        56.06477       257.90381        56.06477       192.07980        56.06477       259.28860        56.06477       259.74866        56.06477      -314.30460 000000000000000 000000000000000
        56.07777       276.62451        56.07777       192.00389        56.07777       263.52826        56.07777       263.98282        56.07777      -299.81805 000000000000000 000000000000000
        56.09077       267.01819        56.09077       191.92809        56.09077       268.19348        56.09077       268.64270        56.09077      -314.08426 000000000000000 000000000000000
        56.10376       263.55859        56.10376       191.85240        56.10376       273.34055        56.10376       273.78445        56.10376      -322.68561 000000000000000 000000000000000
        56.11676       278.36282        56.11676       191.77679        56.11676       279.04031        56.11676       279.47906        56.11676      -313.57599 000000000000000 000000000000000
        56.12976       309.17914        56.12976       191.70126        56.12976       285.37183        56.12976       285.80548        56.12976      -289.08609 000000000000000 000000000000000
        56.14277       333.15057        56.14277       191.62582        56.14277       292.43124        56.14277       292.85989        56.14277      -272.16907 000000000000000 000000000000000
        56.15577       325.34622        56.15577       191.55048        56.15577       300.33493        56.15577       300.75870        56.15577      -287.87222 000000000000000 000000000000000
        56.16877       317.22058        56.16877       191.47520        56.16877       309.22629        56.16877       309.64520        56.16877      -304.88437 000000000000000 000000000000000
        56.18177       315.43668        56.18177       191.40002        56.18177       319.28586        56.18177       319.70004        56.18177      -316.72311 000000000000000 000000000000000
        56.19477       324.29410        56.19477       191.32492        56.19477       330.74780        56.19477       331.15732        56.19477      -319.32297 000000000000000 000000000000000
        56.20776       364.69101        56.20776       191.24992        56.20776       343.92090        56.20776       344.32584        56.20776      -292.09457 000000000000000 000000000000000
        56.22076       389.97205        56.22076       191.17497        56.22076       359.24316        56.22076       359.64359        56.22076      -282.13129 000000000000000 000000000000000
        56.23376       390.48972        56.23376       191.10011        56.23376       377.31506        56.23376       377.71109        56.23376      -299.68112 000000000000000 000000000000000
        56.24677       390.13870        56.24677       191.02531        56.24677       398.99188        56.24677       399.38354        56.24677      -321.70459 000000000000000 000000000000000
        56.25977       390.60120        56.25977       190.95058        56.25977       425.47748        56.25977       425.86490        56.25977      -347.72345 000000000000000 000000000000000
        56.27277       460.32233        56.27277       190.87593        56.27277       458.43402        56.27277       458.81726        56.27277      -310.95468 000000000000000 000000000000000
        56.28577       504.87567        56.28577       190.80135        56.28577       500.08447        56.28577       500.46362        56.28577      -308.04770 000000000000000 000000000000000
        56.29876       549.17334        56.29876       190.72685        56.29876       553.25873        56.29876       553.63385        56.29876      -316.92026 000000000000000 000000000000000
        56.31176       631.25195        56.31176       190.65239        56.31176       621.44318        56.31176       621.81433        56.31176      -303.02213 000000000000000 000000000000000
        56.32476       722.58765        56.32476       190.57800        56.32476       708.54858        56.32476       708.91595        56.32476      -298.78806 000000000000000 000000000000000
        56.33776       856.72302        56.33776       190.50368        56.33776       818.67084        56.33776       819.03442        56.33776      -274.77115 000000000000000 000000000000000
        56.35077      1038.35803        56.35077       190.42941        56.35077       955.60059        56.35077       955.96057        56.35077      -230.06227 000000000000000 000000000000000
        56.36377      1166.31897        56.36377       190.35521        56.36377      1122.14917        56.36377      1122.50562        56.36377      -268.64639 000000000000000 000000000000000
        56.37677      1305.41858        56.37677       190.28107        56.37677      1319.20825        56.37677      1319.56128        56.37677      -326.60245 000000000000000 000000000000000
        56.38977      1534.85974        56.38977       190.20699        56.38977      1544.35339        56.38977      1544.70300        56.38977      -322.30301 000000000000000 000000000000000
        56.40276      1786.21399        56.40276       190.13298        56.40276      1789.59900        56.40276      1789.94543        56.40276      -316.19119 000000000000000 000000000000000
        56.41576      2058.71338        56.41576       190.05901        56.41576      2038.69006        56.41576      2039.03333        56.41576      -292.77969 000000000000000 000000000000000
        56.42876      2196.51392        56.42876       189.98509        56.42876      2264.22900        56.42876      2264.56909        56.42876      -380.51492 000000000000000 000000000000000
        56.44176      2423.88940        56.44176       189.91122        56.44176      2430.39551        56.44176      2430.73242        56.44176      -319.30276 000000000000000 000000000000000
        56.45477      2519.69360        56.45477       189.83742        56.45477      2504.99292        56.45477      2505.32666        56.45477      -298.09280 000000000000000 000000000000000
        56.46777      2454.37427        56.46777       189.76366        56.46777      2477.32397        56.46777      2477.65405        56.46777      -335.73953 000000000000000 000000000000000
        56.48077      2385.78442        56.48077       189.68994        56.48077      2366.13672        56.48077      2366.46362        56.48077      -293.13895 000000000000000 000000000000000
        56.49377      2207.27637        56.49377       189.61629        56.49377      2208.80713        56.49377      2209.13062        56.49377      -314.31400 000000000000000 000000000000000
        56.50676      2099.97241        56.50676       189.54269        56.50676      2043.24866        56.50676      2043.56848        56.50676      -256.05582 000000000000000 000000000000000
        56.51976      1883.57520        56.51976       189.46913        56.51976      1896.81921        56.51976      1897.13586        56.51976      -326.02042 000000000000000 000000000000000
        56.53276      1749.09082        56.53276       189.39561        56.53276      1784.81213        56.53276      1785.12537        56.53276      -348.49429 000000000000000 000000000000000
        56.54576      1689.59412        56.54576       189.32214        56.54576      1712.17163        56.54576      1712.48181        56.54576      -335.34744 000000000000000 000000000000000
        56.55877      1602.75427        56.55877       189.24870        56.55877      1675.20313        56.55877      1675.51025        56.55877      -385.21573 000000000000000 000000000000000
        56.57177      1651.19324        56.57177       189.17532        56.57177      1662.07507        56.57177      1662.37927        56.57177      -323.64578 000000000000000 000000000000000
        56.58477      1652.18604        56.58477       189.10199        56.58477      1653.58545        56.58477      1653.88672        56.58477      -314.16043 000000000000000 000000000000000
        56.59777      1554.46997        56.59777       189.02869        56.59777      1627.12036        56.59777      1627.41870        56.59777      -385.40848 000000000000000 000000000000000
        56.61076      1588.76050        56.61076       188.95544        56.61076      1565.24963        56.61076      1565.54492        56.61076      -289.24417 000000000000000 000000000000000
        56.62376      1496.07593        56.62376       188.88223        56.62376      1464.05481        56.62376      1464.34717        56.62376      -280.73099 000000000000000 000000000000000
        56.63676      1360.45898        56.63676       188.80905        56.63676      1333.57056        56.63676      1333.85999        56.63676      -285.86075 000000000000000 000000000000000
        56.64977      1189.91919        56.64977       188.73592        56.64977      1189.94067        56.64977      1190.22729        56.64977      -312.76785 000000000000000 000000000000000
        56.66277      1084.88525        56.66277       188.66281        56.66277      1047.47656        56.66277      1047.76013        56.66277      -275.33463 000000000000000 000000000000000
        56.67577       944.15839        56.67577       188.58975        56.67577       915.48206        56.67577       915.76282        56.67577      -284.06418 000000000000000 000000000000000
        56.68877       797.29724        56.68877       188.51672        56.68877       798.69727        56.68877       798.97534        56.68877      -314.13785 000000000000000 000000000000000
        56.70177       721.06122        56.70177       188.44373        56.70177       698.75818        56.70177       699.03351        56.70177      -290.43204 000000000000000 000000000000000
        56.71476       622.06873        56.71476       188.37079        56.71476       615.43213        56.71476       615.70483        56.71476      -306.09586 000000000000000 000000000000000
        56.72776       541.66907        56.72776       188.29787        56.72776       547.31433        56.72776       547.58441        56.72776      -318.37509 000000000000000 000000000000000
        56.74076       525.46088        56.74076       188.22499        56.74076       492.48541        56.74076       492.75296        56.74076      -279.75183 000000000000000 000000000000000
        56.75377       460.70929        56.75377       188.15213        56.75377       448.76950        56.75377       449.03458        56.75377      -300.78503 000000000000000 000000000000000
        56.76677       406.71927        56.76677       188.07932        56.76677       414.02222        56.76677       414.28482        56.76677      -320.02530 000000000000000 000000000000000
        56.77977       385.20715        56.77977       188.00653        56.77977       386.30573        56.77977       386.56595        56.77977      -313.81854 000000000000000 000000000000000
        56.79277       399.81064        56.79277       187.93378        56.79277       363.98361        56.79277       364.24149        56.79277      -276.89059 000000000000000 000000000000000
        56.80576       357.76483        56.80576       187.86107        56.80576       345.75314        56.80576       346.00867        56.80576      -300.70358 000000000000000 000000000000000
        56.81876       314.87067        56.81876       187.78838        56.81876       330.60446        56.81876       330.85770        56.81876      -328.44678 000000000000000 000000000000000
        56.83176       307.40173        56.83176       187.71571        56.83176       317.80484        56.83176       318.05582        56.83176      -323.11383 000000000000000 000000000000000
        56.84476       304.33157        56.84476       187.64308        56.84476       306.82004        56.84476       307.06879        56.84476      -315.19696 000000000000000 000000000000000
        56.85777       315.44608        56.85777       187.57048        56.85777       297.26685        56.85777       297.51340        56.85777      -294.52707 000000000000000 000000000000000
        56.87077       289.15002        56.87077       187.49789        56.87077       288.86880        56.87077       289.11319        56.87077      -312.42291 000000000000000 000000000000000
        56.88377       273.81598        56.88377       187.42535        56.88377       281.42300        56.88377       281.66525        56.88377      -320.30902 000000000000000 000000000000000
        56.89677       233.72707        56.89677       187.35283        56.89677       274.77655        56.89677       275.01669        56.89677      -353.74936 000000000000000 000000000000000
        56.90976       238.77058        56.90976       187.28035        56.90976       268.81241        56.90976       269.05048        56.90976      -342.73962 000000000000000 000000000000000
        56.92276       230.13611        56.92276       187.20789        56.92276       263.43246        56.92276       263.66849        56.92276      -345.99213 000000000000000 000000000000000
        56.93576       241.95045        56.93576       187.13545        56.93576       258.56134        56.93576       258.79535        56.93576      -329.30463 000000000000000 000000000000000
        56.94876       224.73671        56.94876       187.06303        56.94876       254.13487        56.94876       254.36688        56.94876      -342.08990 000000000000000 000000000000000
        56.96177       264.84009        56.96177       186.99065        56.96177       250.09904        56.96177       250.32909        56.96177      -297.94873 000000000000000 000000000000000
        56.97477       241.99879        56.97477       186.91827        56.97477       246.40802        56.97477       246.63611        56.97477      -317.09705 000000000000000 000000000000000
        56.98777       243.15283        56.98777       186.84593        56.98777       243.02257        56.98777       243.24873        56.98777      -312.55563 000000000000000 000000000000000
        57.00077       235.97954        57.00077       186.77362        57.00077       239.90894        57.00077       240.13321        57.00077      -316.61340 000000000000000 000000000000000
        57.01376       239.85092        57.01376       186.70135        57.01376       237.03874        57.01376       237.26114        57.01376      -309.86996 000000000000000 000000000000000
        57.02676       243.50397        57.02676       186.62907        57.02676       234.38495        57.02676       234.60551        57.02676      -303.56128 000000000000000 000000000000000
        57.03976       231.40141        57.03976       186.55684        57.03976       231.92636        57.03976       232.14510        57.03976      -313.20343 000000000000000 000000000000000
        57.05276       247.47752        57.05276       186.48460        57.05276       229.64362        57.05276       229.86053        57.05276      -294.84274 000000000000000 000000000000000
        57.06577       234.80357        57.06577       186.41240        57.06577       227.51970        57.06577       227.73486        57.06577      -305.39102 000000000000000 000000000000000
        57.07877       221.31003        57.07877       186.34023        57.07877       225.53967        57.07877       225.75307        57.07877      -316.90277 000000000000000 000000000000000
        57.09177       223.91234        57.09177       186.26807        57.09177       223.69028        57.09177       223.90193        57.09177      -312.44934 000000000000000 000000000000000
        57.10477       215.62732        57.10477       186.19592        57.10477       221.95976        57.10477       222.16969        57.10477      -319.00211 000000000000000 000000000000000
        57.11776       199.41252        57.11776       186.12383        57.11776       220.33815        57.11776       220.54640        57.11776      -333.59363 000000000000000 000000000000000
        57.13076       212.13977        57.13076       186.05174        57.13076       218.81517        57.13076       219.02174        57.13076      -319.34171 000000000000000 000000000000000
        57.14376       207.76408        57.14376       185.97966        57.14376       217.38301        57.14376       217.58792        57.14376      -322.28357 000000000000000 000000000000000
        57.15676       207.52106        57.15676       185.90761        57.15676       216.03416        57.15676       216.23746        57.15676      -321.17615 000000000000000 000000000000000
        57.16977       227.69472        57.16977       185.83557        57.16977       214.76195        57.16977       214.96362        57.16977      -299.72864 000000000000000 000000000000000
        57.18277       222.46271        57.18277       185.76355        57.18277       213.56030        57.18277       213.76039        57.18277      -303.75742 000000000000000 000000000000000
        57.19577       217.73485        57.19577       185.69154        57.19577       212.42378        57.19577       212.62228        57.19577      -307.34717 000000000000000 000000000000000
        57.20877       212.04169        57.20877       185.61957        57.20877       211.34744        57.20877       211.54439        57.20877      -311.96243 000000000000000 000000000000000
        57.22176       196.76094        57.22176       185.54762        57.22176       210.32712        57.22176       210.52252        57.22176      -326.22131 000000000000000 000000000000000
        57.23476       201.85078        57.23476       185.47568        57.23476       209.35811        57.23476       209.55199        57.23476      -320.16095 000000000000000 000000000000000
        57.24776       201.26318        57.24776       185.40375        57.24776       208.43706        57.24776       208.62944        57.24776      -319.82599 000000000000000 000000000000000
        57.26077       205.30893        57.26077       185.33185        57.26077       207.56058        57.26077       207.75146        57.26077      -314.90228 000000000000000 000000000000000
        57.27377       222.56787        57.27377       185.25995        57.27377       206.72559        57.27377       206.91502        57.27377      -296.80688 000000000000000 000000000000000
        57.28677       211.75894        57.28677       185.18808        57.28677       205.92929        57.28677       206.11726        57.28677      -306.81805 000000000000000 000000000000000
        57.29977       206.77353        57.29977       185.11621        57.29977       205.16908        57.29977       205.35562        57.29977      -311.04184 000000000000000 000000000000000
        57.31277       216.06752        57.31277       185.04437        57.31277       204.44261        57.31277       204.62773        57.31277      -301.01996 000000000000000 000000000000000
        57.32576       205.49414        57.32576       184.97256        57.32576       203.74791        57.32576       203.93163        57.32576      -310.89722 000000000000000 000000000000000
        57.33876       200.13290        57.33876       184.90076        57.33876       203.08253        57.33876       203.26488        57.33876      -315.59171 000000000000000 000000000000000
        57.35176       205.50471        57.35176       184.82896        57.35176       202.44489        57.35176       202.62585        57.35176      -309.58087 000000000000000 000000000000000
        57.36477       194.16182        57.36477       184.75717        57.36477       201.83324        57.36477       202.01285        57.36477      -320.31076 000000000000000 000000000000000
        57.37777       174.26685        57.37777       184.68541        57.37777       201.24603        57.37777       201.42430        57.37777      -339.61719 000000000000000 000000000000000
        57.39077       185.41426        57.39077       184.61366        57.39077       200.68179        57.39077       200.85873        57.39077      -327.90421 000000000000000 000000000000000
        57.40377       194.02142        57.40377       184.54193        57.40377       200.13919        57.40377       200.31482        57.40377      -318.75314 000000000000000 000000000000000
        57.41676       188.07448        57.41676       184.47023        57.41676       199.61713        57.41676       199.79146        57.41676      -324.17673 000000000000000 000000000000000
        57.42976       197.67021        57.42976       184.39853        57.42976       199.11412        57.42976       199.28717        57.42976      -314.07669 000000000000000 000000000000000
        57.44276       188.14078        57.44276       184.32683        57.44276       198.62926        57.44276       198.80104        57.44276      -323.12000 000000000000000 000000000000000
        57.45576       176.73042        57.45576       184.25516        57.45576       198.16151        57.45576       198.33205        57.45576      -334.06137 000000000000000 000000000000000
        57.46877       174.17384        57.46877       184.18349        57.46877       197.70999        57.46877       197.87927        57.46877      -336.16516 000000000000000 000000000000000
        57.48177       181.88470        57.48177       184.11183        57.48177       197.27379        57.48177       197.44185        57.48177      -328.01688 000000000000000 000000000000000
        57.49477       192.24426        57.49477       184.04019        57.49477       196.85210        57.49477       197.01895        57.49477      -317.23444 000000000000000 000000000000000
        57.50777       193.37685        57.50777       183.96857        57.50777       196.44417        57.50777       196.60982        57.50777      -315.69272 000000000000000 000000000000000
        57.52076       197.13884        57.52076       183.89699        57.52076       196.04938        57.52076       196.21385        57.52076      -311.53476 000000000000000 000000000000000
        57.53376       186.45244        57.53376       183.82538        57.53376       195.66687        57.53376       195.83015        57.53376      -321.83746 000000000000000 000000000000000
        57.54676       187.31458        57.54676       183.75380        57.54676       195.29610        57.54676       195.45822        57.54676      -320.60339 000000000000000 000000000000000
        57.55976       198.37863        57.55976       183.68222        57.55976       194.93649        57.55976       195.09747        57.55976      -309.17859 000000000000000 000000000000000
        57.57277       196.65442        57.57277       183.61066        57.57277       194.58752        57.57277       194.74736        57.57277      -310.55267 000000000000000 000000000000000
        57.58577       200.00684        57.58577       183.53911        57.58577       194.24864        57.58577       194.40736        57.58577      -306.86026 000000000000000 000000000000000
        57.59877       222.17061        57.59877       183.46758        57.59877       193.91939        57.59877       194.07700        57.59877      -284.36612 000000000000000 000000000000000
        57.61177       209.60408        57.61177       183.39604        57.61177       193.59930        57.61177       193.75580        57.61177      -296.61145 000000000000000 000000000000000
        57.62476       203.25377        57.62476       183.32455        57.62476       193.28804        57.62476       193.44345        57.62476      -302.64941 000000000000000 000000000000000
        57.63776       205.05846        57.63776       183.25305        57.63776       192.98502        57.63776       193.13934        57.63776      -300.54062 000000000000000 000000000000000
        57.65076       168.79785        57.65076       183.18155        57.65076       192.68994        57.65076       192.84320        57.65076      -336.50510 000000000000000 000000000000000
        57.66376       193.85626        57.66376       183.11008        57.66376       192.40245        57.66376       192.55466        57.66376      -311.15814 000000000000000 000000000000000
        57.67677       194.92038        57.67677       183.03860        57.67677       192.12222        57.67677       192.27339        57.67677      -309.81274 000000000000000 000000000000000
        57.68977       181.53041        57.68977       182.96713        57.68977       191.84892        57.68977       191.99905        57.68977      -322.92838 000000000000000 000000000000000
        57.70277       179.82411        57.70277       182.89569        57.70277       191.58226        57.70277       191.73135        57.70277      -324.36697 000000000000000 000000000000000
        57.71577       194.40907        57.71577       182.82425        57.71577       191.32193        57.71577       191.47002        57.71577      -309.52069 000000000000000 000000000000000
        57.72876       210.41667        57.72876       182.75284        57.72876       191.06775        57.72876       191.21483        57.72876      -293.25790 000000000000000 000000000000000
        57.74176       202.64539        57.74176       182.68143        57.74176       190.81931        57.74176       190.96541        57.74176      -300.77975 000000000000000 000000000000000
        57.75476       205.48114        57.75476       182.61002        57.75476       190.57645        57.75476       190.72154        57.75476      -297.70013 000000000000000 000000000000000
        57.76777       185.98854        57.76777       182.53862        57.76777       190.33891        57.76777       190.48305        57.76777      -316.95425 000000000000000 000000000000000
        57.78077       166.63737        57.78077       182.46722        57.78077       190.10651        57.78077       190.24968        57.78077      -336.07205 000000000000000 000000000000000
        57.79377       177.67465        57.79377       182.39584        57.79377       189.87901        57.79377       190.02122        57.79377      -324.80630 000000000000000 000000000000000
        57.80677       173.65181        57.80677       182.32448        57.80677       189.65625        57.80677       189.79752        57.80677      -328.60544 000000000000000 000000000000000
        57.81977       192.81938        57.81977       182.25311        57.81977       189.43800        57.81977       189.57834        57.81977      -309.21869 000000000000000 000000000000000
        57.83276       217.05511        57.83276       182.18179        57.83276       189.22417        57.83276       189.36357        57.83276      -284.76819 000000000000000 000000000000000
        57.84576       188.84712        57.84576       182.11044        57.84576       189.01447        57.84576       189.15295        57.84576      -312.76556 000000000000000 000000000000000
        57.85876       167.93124        57.85876       182.03911        57.85876       188.80878        57.85876       188.94635        57.85876      -333.47485 000000000000000 000000000000000
        57.87177       177.34074        57.87177       181.96779        57.87177       188.60695        57.87177       188.74364        57.87177      -323.86264 000000000000000 000000000000000
        57.88477       198.35138        57.88477       181.89647        57.88477       188.40884        57.88477       188.54465        57.88477      -302.65302 000000000000000 000000000000000
        57.89777       211.95314        57.89777       181.82516        57.89777       188.21432        57.89777       188.34924        57.89777      -288.85583 000000000000000 000000000000000
        57.91077       219.32079        57.91077       181.75388        57.91077       188.02325        57.91077       188.15729        57.91077      -281.29623 000000000000000 000000000000000
        57.92376       186.40123        57.92376       181.68260        57.92376       187.83556        57.92376       187.96873        57.92376      -314.02725 000000000000000 000000000000000
        57.93676       178.34187        57.93676       181.61133        57.93676       187.65102        57.93676       187.78333        57.93676      -321.90118 000000000000000 000000000000000
        57.94976       184.18874        57.94976       181.54005        57.94976       187.46954        57.94976       187.60101        57.94976      -315.87201 000000000000000 000000000000000
        57.96276       187.29961        57.96276       181.46878        57.96276       187.29106        57.96276       187.42169        57.96276      -312.58182 000000000000000 000000000000000
        57.97577       169.59361        57.97577       181.39752        57.97577       187.11543        57.97577       187.24524        57.97577      -330.11136 000000000000000 000000000000000
        57.98877       193.20316        57.98877       181.32628        57.98877       186.94258        57.98877       187.07156        57.98877      -306.32816 000000000000000 000000000000000
        58.00177       204.95319        58.00177       181.25504        58.00177       186.77240        58.00177       186.90056        58.00177      -294.40710 000000000000000 000000000000000
        58.01477       198.02264        58.01477       181.18381        58.01477       186.60481        58.01477       186.73216        58.01477      -301.16925 000000000000000 000000000000000
        58.02776       192.07907        58.02776       181.11259        58.02776       186.43974        58.02776       186.56630        58.02776      -306.94696 000000000000000 000000000000000
        58.04076       183.20708        58.04076       181.04138        58.04076       186.27704        58.04076       186.40280        58.04076      -315.65546 000000000000000 000000000000000
        58.05376       175.26347        58.05376       180.97017        58.05376       186.11667        58.05376       186.24164        58.05376      -323.43790 000000000000000 000000000000000
        58.06676       182.65979        58.06676       180.89897        58.06676       185.95854        58.06676       186.08273        58.06676      -315.88269 000000000000000 000000000000000
        58.07977       186.79092        58.07977       180.82777        58.07977       185.80258        58.07977       185.92601        58.07977      -311.59482 000000000000000 000000000000000
        58.09277       184.18889        58.09277       180.75658        58.09277       185.64873        58.09277       185.77139        58.09277      -314.04224 000000000000000 000000000000000
        58.10577       177.50833        58.10577       180.68539        58.10577       185.49692        58.10577       185.61882        58.10577      -320.57022 000000000000000 000000000000000
        58.11877       159.56583        58.11877       180.61423        58.11877       185.34706        58.11877       185.46822        58.11877      -338.36212 000000000000000 000000000000000
        58.13176       171.61725        58.13176       180.54308        58.13176       185.19916        58.13176       185.31956        58.13176      -326.16205 000000000000000 000000000000000
        58.14476       178.38820        58.14476       180.47191        58.14476       185.05305        58.14476       185.17273        58.14476      -319.24426 000000000000000 000000000000000
        58.15776       189.65622        58.15776       180.40076        58.15776       184.90875        58.15776       185.02769        58.15776      -307.83121 000000000000000 000000000000000
        58.17076       178.70944        58.17076       180.32962        58.17076       184.76616        58.17076       184.88438        58.17076      -318.63467 000000000000000 000000000000000
        58.18377       180.47360        58.18377       180.25847        58.18377       184.62526        58.18377       184.74277        58.18377      -316.72891 000000000000000 000000000000000
        58.19677       172.41966        58.19677       180.18733        58.19677       184.48598        58.19677       184.60277        58.19677      -324.64285 000000000000000 000000000000000
        58.20977       194.75224        58.20977       180.11621        58.20977       184.34827        58.20977       184.46436        58.20977      -302.17184 000000000000000 000000000000000
        58.22277       189.77975        58.22277       180.04509        58.22277       184.21210        58.22277       184.32748        58.22277      -307.00748 000000000000000 000000000000000
        58.23576       178.88875        58.23576       179.97400        58.23576       184.07744        58.23576       184.19214        58.23576      -317.76312 000000000000000 000000000000000
        58.24876       181.09381        58.24876       179.90288        58.24876       183.94418        58.24876       184.05820        58.24876      -315.42413 000000000000000 000000000000000
        58.26176       187.66144        58.26176       179.83177        58.26176       183.81232        58.26176       183.92566        58.26176      -308.72397 000000000000000 000000000000000
        58.27477       198.58546        58.27477       179.76068        58.27477       183.68181        58.27477       183.79448        58.27477      -297.66876 000000000000000 000000000000000
        58.28777       182.85999        58.28777       179.68959        58.28777       183.55261        58.28777       183.66461        58.28777      -313.26437 000000000000000 000000000000000
        58.30077       188.90511        58.30077       179.61850        58.30077       183.42470        58.30077       183.53604        58.30077      -307.09067 000000000000000 000000000000000
        58.31377       205.07318        58.31377       179.54742        58.31377       183.29802        58.31377       183.40871        58.31377      -290.79526 000000000000000 000000000000000
        58.32677       171.80981        58.32677       179.47635        58.32677       183.17255        58.32677       183.28258        58.32677      -323.93250 000000000000000 000000000000000
        58.33976       171.98674        58.33976       179.40530        58.33976       183.04828        58.33976       183.15767        58.33976      -323.63068 000000000000000 000000000000000
        58.35276       181.91475        58.35276       179.33424        58.35276       182.92511        58.35276       183.03387        58.35276      -313.57886 000000000000000 000000000000000
        58.36576       175.97937        58.36576       179.26318        58.36576       182.80305        58.36576       182.91118        58.36576      -319.39154 000000000000000 000000000000000
        58.37877       189.54639        58.37877       179.19212        58.37877       182.68207        58.37877       182.78957        58.37877      -305.70291 000000000000000 000000000000000
        58.39177       171.17107        58.39177       179.12108        58.39177       182.56212        58.39177       182.66901        58.39177      -323.95767 000000000000000 000000000000000
        58.40477       188.98212        58.40477       179.05005        58.40477       182.44319        58.40477       182.54945        58.40477      -306.02707 000000000000000 000000000000000
        58.41777       180.31320        58.41777       178.97900        58.41777       182.32526        58.41777       182.43091        58.41777      -314.57745 000000000000000 000000000000000
        58.43076       160.80583        58.43076       178.90800        58.43076       182.20831        58.43076       182.31337        58.43076      -333.96729 000000000000000 000000000000000
        58.44376       168.72691        58.44376       178.83698        58.44376       182.09229        58.44376       182.19673        58.44376      -325.92957 000000000000000 000000000000000
        58.45676       171.70195        58.45676       178.76595        58.45676       181.97716        58.45676       182.08101        58.45676      -322.83881 000000000000000 000000000000000
        58.46976       189.49968        58.46976       178.69493        58.46976       181.86292        58.46976       181.96617        58.46976      -304.92624 000000000000000 000000000000000
        58.48277       210.88200        58.48277       178.62393        58.48277       181.74954        58.48277       181.85222        58.48277      -283.42996 000000000000000 000000000000000
        58.49577       201.87874        58.49577       178.55292        58.49577       181.63699        58.49577       181.73909        58.49577      -292.32010 000000000000000 000000000000000
        58.50877       212.78252        58.50877       178.48192        58.50877       181.52528        58.50877       181.62680        58.50877      -281.30402 000000000000000 000000000000000
        58.52177       198.77174        58.52177       178.41093        58.52177       181.41437        58.52177       181.51532        58.52177      -295.20331 000000000000000 000000000000000
        58.53476       171.79993        58.53476       178.33995        58.53476       181.30426        58.53476       181.40465        58.53476      -322.06445 000000000000000 000000000000000
        58.54776       180.34554        58.54776       178.26897        58.54776       181.19487        58.54776       181.29469        58.54776      -313.40891 000000000000000 000000000000000
        58.56076       189.26062        58.56076       178.19800        58.56076       181.08623        58.56076       181.18550        58.56076      -304.38461 000000000000000 000000000000000
        58.57376       190.28271        58.57376       178.12701        58.57376       180.97830        58.57376       181.07703        58.57376      -303.25406 000000000000000 000000000000000
        58.58677       200.40771        58.58677       178.05605        58.58677       180.87108        58.58677       180.96925        58.58677      -293.02127 000000000000000 000000000000000
        58.59977       182.77921        58.59977       177.98508        58.59977       180.76454        58.59977       180.86218        58.59977      -310.54272 000000000000000 000000000000000
        58.61277       172.73183        58.61277       177.91411        58.61277       180.65868        58.61277       180.75577        58.61277      -320.48367 000000000000000 000000000000000
        58.62577       187.36943        58.62577       177.84315        58.62577       180.55347        58.62577       180.65002        58.62577      -305.74033 000000000000000 000000000000000
        58.63876       190.39758        58.63876       177.77222        58.63876       180.44891        58.63876       180.54494        58.63876      -302.60709 000000000000000 000000000000000
        58.65176       182.89290        58.65176       177.70128        58.65176       180.34496        58.65176       180.44044        58.65176      -310.00729 000000000000000 000000000000000
        58.66476       185.01433        58.66476       177.63033        58.66476       180.24159        58.66476       180.33658        58.66476      -307.78198 000000000000000 000000000000000
        58.67776       176.28888        58.67776       177.55939        58.67776       180.13882        58.67776       180.23329        58.67776      -316.40414 000000000000000 000000000000000
