! TITLE: ML_NaCl_20-137deg_0p01_60s_36min_20161012.dat                                                                                                                                                                                                                   
! Yobs - Ycalc 
      26.84076     197.38882
      26.85377     162.02969
      26.86677     143.18155
      26.87976     166.64334
      26.89277     143.55124
      26.90577     157.22342
      26.91877     196.73727
      26.93176     172.30014
      26.94477     142.95212
      26.95777     157.77316
      26.97077     193.01077
      26.98376     184.14493
      26.99677     175.63583
      27.00977     140.07010
      27.02276     167.39169
      27.03576     205.93112
      27.04877     187.65701
      27.06177     184.44382
      27.07476     190.43002
      27.08776     188.61923
      27.10077     173.60574
      27.11377     152.65030
      27.12676     137.27341
      27.13976     157.40463
      27.15277     188.80746
      27.16577     227.61966
      27.17876     254.29678
      27.19176     243.31277
      27.20477     240.61398
      27.21777     257.51523
      27.23076     263.35410
      27.24376     271.00705
      27.25677     285.28806
      27.26977     254.21725
      27.28276     152.56027
      27.29576      75.93076
      27.30877      19.08810
      27.32177      13.52621
      27.33476     162.80380
      27.34776     274.38803
      27.36077     319.67978
      27.37377     337.04745
      27.38676     302.91367
      27.39977     182.53378
      27.41277     116.77646
      27.42577     174.48837
      27.43876     245.30136
      27.45177     236.01279
      27.46477     166.93698
      27.47777     126.87582
      27.49076     121.14609
      27.50377      99.60971
      27.51677     131.25693
      27.52977     145.81595
      27.54276     121.49826
      27.55577     163.20724
      27.56877     200.30142
      27.58176     219.63663
      27.59476     212.00266
      27.60777     197.41135
      27.62077     198.82431
      27.63376     167.87210
      27.64676     173.42355
      27.65977     174.14395
      27.67277     156.85989
      27.68576     191.33237
      27.69876     178.82553
      27.71177     183.18747
      27.72477     177.37766
      27.73776     170.90842
      27.75076     141.05637
      27.76377     191.41666
      27.77677     158.04123
      27.78976     143.70358
      27.80276     163.83878
      27.81577     134.24521
      27.82877     192.80917
      27.84176     167.24228
      27.85476     170.01120
      27.86777     144.84512
      27.88077     169.75870
      27.89376     193.63138
      27.90676     151.00235
      27.91977     137.43875
      27.93277     178.15469
      27.94576     165.71323
