! TITLE: ML_NaCl_20-137deg_0p01_60s_36min_20161012.dat                                                                                                                                                                                                                   
! Peak:  1
      52.82777     211.05688
      52.84077     211.03386
      52.85376     211.01263
      52.86676     210.99330
      52.87976     210.97595
      52.89277     210.96069
      52.90577     210.94765
      52.91877     210.93690
      52.93177     210.92862
      52.94477     210.92293
      52.95776     210.91997
      52.97076     210.91989
      52.98376     210.92287
      52.99677     210.92908
      53.00977     210.93872
      53.02277     210.95200
      53.03577     210.96913
      53.04876     210.99037
      53.06176     211.01596
      53.07476     211.04620
      53.08776     211.08139
      53.10077     211.12186
      53.11377     211.16797
      53.12677     211.22009
      53.13977     211.27867
      53.15276     211.34415
      53.16576     211.41704
      53.17876     211.49789
      53.19176     211.58733
      53.20477     211.68597
      53.21777     211.79457
      53.23077     211.91393
      53.24377     212.04489
      53.25676     212.18840
      53.26976     212.34564
      53.28276     212.51773
      53.29576     212.70599
      53.30877     212.91191
      53.32177     213.13715
      53.33477     213.38351
      53.34777     213.65309
      53.36076     213.94810
      53.37376     214.27136
      53.38676     214.62573
      53.39977     215.01460
      53.41277     215.44179
      53.42577     215.91167
      53.43877     216.42926
      53.45177     217.00037
      53.46476     217.63144
      53.47776     218.33061
      53.49076     219.10672
      53.50377     219.97034
      53.51677     220.93393
      53.52977     222.01228
      53.54277     223.22318
      53.55576     224.58780
      53.56876     226.13376
      53.58176     227.89482
      53.59476     229.91568
      53.60777     232.25676
      53.62077     235.00180
      53.63377     238.26888
      53.64677     242.22498
      53.65976     247.10217
      53.67276     253.22243
      53.68576     261.00500
      53.69876     270.97867
      53.71177     283.77078
      53.72477     300.07407
      53.73777     320.58505
      53.75077     345.91107
      53.76376     376.43124
      53.77676     412.15015
      53.78976     452.36356
      53.80276     495.26263
      53.81577     537.39648
      53.82877     573.45178
      53.84177     597.22394
      53.85477     604.26440
      53.86776     594.65576
      53.88076     573.13379
      53.89376     546.42181
      53.90676     520.37738
      53.91977     498.75760
      53.93277     483.22495
      53.94577     473.65918
      53.95877     468.34320
      53.97176     464.16675
      53.98476     457.33765
      53.99776     444.87811
      54.01077     426.08472
      54.02377     402.61142
      54.03677     377.15527
      54.04977     352.10416
      54.06277     328.99802
      54.07576     308.61151
      54.08876     291.18106
      54.10176     276.64694
      54.11477     264.76144
      54.12777     255.18091
      54.14077     247.52570
      54.15377     241.42377
      54.16676     236.54108
      54.17976     232.59198
      54.19276     229.35216
      54.20576     226.64888
      54.21877     224.35439
      54.23177     222.37617
      54.24477     220.64778
      54.25777     219.12117
      54.27076     217.76143
      54.28376     216.54109
      54.29676     215.43988
      54.30976     214.44122
      54.32277     213.53165
      54.33577     212.69992
      54.34877     211.93657
      54.36177     211.23358
      54.37476     210.58427
      54.38776     209.98236
      54.40076     209.42291
      54.41376     208.90149
      54.42677     208.41423
      54.43977     207.95773
      54.45277     207.52904
      54.46577     207.12550
      54.47876     206.74493
      54.49176     206.38504
      54.50476     206.04411
      54.51777     205.72052
      54.53077     205.41278
      54.54377     205.11963
      54.55677     204.83986
      54.56977     204.57242
      54.58276     204.31644
      54.59576     204.07088
      54.60876     203.83505
      54.62177     203.60826
      54.63477     203.38982
      54.64777     203.17917
      54.66077     202.97575
      54.67376     202.77916
      54.68676     202.58879
      54.69976     202.40431
      54.71276     202.22533
      54.72577     202.05151
      54.73877     201.88252
      54.75177     201.71806
      54.76477     201.55786
      54.77776     201.40172
      54.79076     201.24930
      54.80376     201.10042
      54.81676     200.95490
      54.82977     200.81253
      54.84277     200.67314
      54.85577     200.53658
      54.86877     200.40268
      54.88176     200.27136
      54.89476     200.14238
      54.90776     200.01567
      54.92076     199.89113
      54.93377     199.76862
      54.94677     199.64806
      54.95977     199.52934
      54.97277     199.41238
      54.98576     199.29712
      54.99876     199.18343
      55.01176     199.07126
      55.02477     198.96053
      55.03777     198.85118
      55.05077     198.74316
      55.06377     198.63638
      55.07677     198.53082
      55.08976     198.42645
      55.10276     198.32314
      55.11576     198.22089
      55.12877     198.11964
      55.14177     198.01936
      55.15477     197.92001
      55.16777     197.82155
      55.18076     197.72397
      55.19376     197.62718
      55.20676     197.53117
      55.21976     197.43593
      55.23277     197.34142
      55.24577     197.24759
      55.25877     197.15443
      55.27177     197.06192
      55.28476     196.97006
      55.29776     196.87877
      55.31076     196.78806
      55.32376     196.69789
      55.33677     196.60828
      55.34977     196.51917
      55.36277     196.43056
      55.37577     196.34242
      55.38876     196.25479
      55.40176     196.16756
      55.41476     196.08078
      55.42776     195.99440
      55.44077     195.90843
      55.45377     195.82286
      55.46677     195.73766
      55.47977     195.65282
      55.49276     195.56836
      55.50576     195.48421
      55.51876     195.40039
      55.53176     195.31689
      55.54477     195.23370
      55.55777     195.15082
      55.57077     195.06822
      55.58377     194.98592
      55.59676     194.90388
      55.60976     194.82211
      55.62276     194.74059
      55.63577     194.65932
      55.64877     194.57829
      55.66177     194.49748
      55.67477     194.41692
      55.68777     194.33656
      55.70076     194.25645
      55.71376     194.17653
      55.72676     194.09680
      55.73977     194.01729
      55.75277     193.93794
      55.76577     193.85880
      55.77877     193.77983
      55.79176     193.70105
      55.80476     193.62244
      55.81776     193.54398
      55.83076     193.46568
      55.84377     193.38754
      55.85677     193.30957
      55.86977     193.23174
      55.88277     193.15404
      55.89576     193.07652
      55.90876     192.99910
      55.92176     192.92183
      55.93476     192.84468
      55.94777     192.76767
      55.96077     192.69078
      55.97377     192.61401
      55.98677     192.53735
      55.99976     192.46085
      56.01276     192.38441
      56.02576     192.30811
      56.03876     192.23190
      56.05177     192.15579
      56.06477     192.07980
      56.07777     192.00389
      56.09077     191.92809
      56.10376     191.85240
      56.11676     191.77679
      56.12976     191.70126
      56.14277     191.62582
      56.15577     191.55048
      56.16877     191.47520
      56.18177     191.40002
      56.19477     191.32492
      56.20776     191.24992
      56.22076     191.17497
      56.23376     191.10011
      56.24677     191.02531
      56.25977     190.95058
      56.27277     190.87593
      56.28577     190.80135
      56.29876     190.72685
      56.31176     190.65239
      56.32476     190.57800
      56.33776     190.50368
      56.35077     190.42941
      56.36377     190.35521
      56.37677     190.28107
      56.38977     190.20699
      56.40276     190.13298
      56.41576     190.05901
      56.42876     189.98509
      56.44176     189.91122
      56.45477     189.83742
      56.46777     189.76366
      56.48077     189.68994
      56.49377     189.61629
      56.50676     189.54269
      56.51976     189.46913
      56.53276     189.39561
      56.54576     189.32214
      56.55877     189.24870
      56.57177     189.17532
      56.58477     189.10199
      56.59777     189.02869
      56.61076     188.95544
      56.62376     188.88223
      56.63676     188.80905
      56.64977     188.73592
      56.66277     188.66281
      56.67577     188.58975
      56.68877     188.51672
      56.70177     188.44373
      56.71476     188.37079
      56.72776     188.29787
      56.74076     188.22499
      56.75377     188.15213
      56.76677     188.07932
      56.77977     188.00653
      56.79277     187.93378
      56.80576     187.86107
      56.81876     187.78838
      56.83176     187.71571
      56.84476     187.64308
      56.85777     187.57048
      56.87077     187.49789
      56.88377     187.42535
      56.89677     187.35283
      56.90976     187.28035
      56.92276     187.20789
      56.93576     187.13545
      56.94876     187.06303
      56.96177     186.99065
      56.97477     186.91827
      56.98777     186.84593
      57.00077     186.77362
      57.01376     186.70135
      57.02676     186.62907
      57.03976     186.55684
      57.05276     186.48460
      57.06577     186.41240
      57.07877     186.34023
      57.09177     186.26807
      57.10477     186.19592
      57.11776     186.12383
      57.13076     186.05174
      57.14376     185.97966
      57.15676     185.90761
      57.16977     185.83557
      57.18277     185.76355
      57.19577     185.69154
      57.20877     185.61957
      57.22176     185.54762
      57.23476     185.47568
      57.24776     185.40375
      57.26077     185.33185
      57.27377     185.25995
      57.28677     185.18808
      57.29977     185.11621
      57.31277     185.04437
      57.32576     184.97256
      57.33876     184.90076
      57.35176     184.82896
      57.36477     184.75717
      57.37777     184.68541
      57.39077     184.61366
      57.40377     184.54193
      57.41676     184.47023
      57.42976     184.39853
      57.44276     184.32683
      57.45576     184.25516
      57.46877     184.18349
      57.48177     184.11183
      57.49477     184.04019
      57.50777     183.96857
      57.52076     183.89699
      57.53376     183.82538
      57.54676     183.75380
      57.55976     183.68222
      57.57277     183.61066
      57.58577     183.53911
      57.59877     183.46758
      57.61177     183.39604
      57.62476     183.32455
      57.63776     183.25305
      57.65076     183.18155
      57.66376     183.11008
      57.67677     183.03860
      57.68977     182.96713
      57.70277     182.89569
      57.71577     182.82425
      57.72876     182.75284
      57.74176     182.68143
      57.75476     182.61002
      57.76777     182.53862
      57.78077     182.46722
      57.79377     182.39584
      57.80677     182.32448
      57.81977     182.25311
      57.83276     182.18179
      57.84576     182.11044
      57.85876     182.03911
      57.87177     181.96779
      57.88477     181.89647
      57.89777     181.82516
      57.91077     181.75388
      57.92376     181.68260
      57.93676     181.61133
      57.94976     181.54005
      57.96276     181.46878
      57.97577     181.39752
      57.98877     181.32628
      58.00177     181.25504
      58.01477     181.18381
      58.02776     181.11259
      58.04076     181.04138
      58.05376     180.97017
      58.06676     180.89897
      58.07977     180.82777
      58.09277     180.75658
      58.10577     180.68539
      58.11877     180.61423
      58.13176     180.54308
      58.14476     180.47191
      58.15776     180.40076
      58.17076     180.32962
      58.18377     180.25847
      58.19677     180.18733
      58.20977     180.11621
      58.22277     180.04509
      58.23576     179.97400
      58.24876     179.90288
      58.26176     179.83177
      58.27477     179.76068
      58.28777     179.68959
      58.30077     179.61850
      58.31377     179.54742
      58.32677     179.47635
      58.33976     179.40530
      58.35276     179.33424
      58.36576     179.26318
      58.37877     179.19212
      58.39177     179.12108
      58.40477     179.05005
      58.41777     178.97900
      58.43076     178.90800
      58.44376     178.83698
      58.45676     178.76595
      58.46976     178.69493
      58.48277     178.62393
      58.49577     178.55292
      58.50877     178.48192
      58.52177     178.41093
      58.53476     178.33995
      58.54776     178.26897
      58.56076     178.19800
      58.57376     178.12701
      58.58677     178.05605
      58.59977     177.98508
      58.61277     177.91411
      58.62577     177.84315
      58.63876     177.77222
      58.65176     177.70128
      58.66476     177.63033
      58.67776     177.55939
