! TITLE: ML_NaCl_20-137deg_0p01_60s_36min_20161012.dat                                                                                                                                                                                                                   
! Peak:  2
      52.82777     210.08871
      52.84077     210.02493
      52.85376     209.96124
      52.86676     209.89760
      52.87976     209.83405
      52.89277     209.77055
      52.90577     209.70714
      52.91877     209.64380
      52.93177     209.58054
      52.94477     209.51735
      52.95776     209.45427
      52.97076     209.39124
      52.98376     209.32831
      52.99677     209.26544
      53.00977     209.20267
      53.02277     209.13998
      53.03577     209.07739
      53.04876     209.01489
      53.06176     208.95248
      53.07476     208.89015
      53.08776     208.82791
      53.10077     208.76578
      53.11377     208.70372
      53.12677     208.64177
      53.13977     208.57993
      53.15276     208.51819
      53.16576     208.45654
      53.17876     208.39500
      53.19176     208.33356
      53.20477     208.27222
      53.21777     208.21100
      53.23077     208.14989
      53.24377     208.08888
      53.25676     208.02800
      53.26976     207.96722
      53.28276     207.90657
      53.29576     207.84602
      53.30877     207.78561
      53.32177     207.72531
      53.33477     207.66515
      53.34777     207.60510
      53.36076     207.54521
      53.37376     207.48543
      53.38676     207.42578
      53.39977     207.36626
      53.41277     207.30688
      53.42577     207.24765
      53.43877     207.18857
      53.45177     207.12962
      53.46476     207.07083
      53.47776     207.01219
      53.49076     206.95369
      53.50377     206.89536
      53.51677     206.83717
      53.52977     206.77916
      53.54277     206.72130
      53.55576     206.66362
      53.56876     206.60611
      53.58176     206.54875
      53.59476     206.49159
      53.60777     206.43460
      53.62077     206.37779
      53.63377     206.32117
      53.64677     206.26472
      53.65976     206.20851
      53.67276     206.15247
      53.68576     206.09662
      53.69876     206.04097
      53.71177     205.98553
      53.72477     205.93031
      53.73777     205.87531
      53.75077     205.82051
      53.76376     205.76596
      53.77676     205.71162
      53.78976     205.65752
      53.80276     205.60365
      53.81577     205.55002
      53.82877     205.49664
      53.84177     205.44351
      53.85477     205.39063
      53.86776     205.33803
      53.88076     205.28568
      53.89376     205.23360
      53.90676     205.18179
      53.91977     205.13028
      53.93277     205.07904
      53.94577     205.02811
      53.95877     204.97748
      53.97176     204.92715
      53.98476     204.87714
      53.99776     204.82744
      54.01077     204.77806
      54.02377     204.72902
      54.03677     204.68031
      54.04977     204.63196
      54.06277     204.58395
      54.07576     204.53633
      54.08876     204.48906
      54.10176     204.44217
      54.11477     204.39566
      54.12777     204.34955
      54.14077     204.30383
      54.15377     204.25854
      54.16676     204.21367
      54.17976     204.16924
      54.19276     204.12523
      54.20576     204.08167
      54.21877     204.03857
      54.23177     203.99596
      54.24477     203.95381
      54.25777     203.91217
      54.27076     203.87105
      54.28376     203.83041
      54.29676     203.79033
      54.30976     203.75078
      54.32277     203.71178
      54.33577     203.67334
      54.34877     203.63550
      54.36177     203.59825
      54.37476     203.56161
      54.38776     203.52560
      54.40076     203.49023
      54.41376     203.45552
      54.42677     203.42148
      54.43977     203.38814
      54.45277     203.35550
      54.46577     203.32358
      54.47876     203.29243
      54.49176     203.26202
      54.50476     203.23241
      54.51777     203.20360
      54.53077     203.17563
      54.54377     203.14850
      54.55677     203.12224
      54.56977     203.09688
      54.58276     203.07243
      54.59576     203.04893
      54.60876     203.02641
      54.62177     203.00490
      54.63477     202.98439
      54.64777     202.96495
      54.66077     202.94659
      54.67376     202.92937
      54.68676     202.91327
      54.69976     202.89836
      54.71276     202.88467
      54.72577     202.87224
      54.73877     202.86110
      54.75177     202.85129
      54.76477     202.84283
      54.77776     202.83580
      54.79076     202.83022
      54.80376     202.82613
      54.81676     202.82359
      54.82977     202.82265
      54.84277     202.82335
      54.85577     202.82574
      54.86877     202.82988
      54.88176     202.83583
      54.89476     202.84366
      54.90776     202.85339
      54.92076     202.86514
      54.93377     202.87894
      54.94677     202.89485
      54.95977     202.91298
      54.97277     202.93338
      54.98576     202.95613
      54.99876     202.98131
      55.01176     203.00902
      55.02477     203.03934
      55.03777     203.07237
      55.05077     203.10820
      55.06377     203.14693
      55.07677     203.18867
      55.08976     203.23354
      55.10276     203.28165
      55.11576     203.33311
      55.12877     203.38808
      55.14177     203.44667
      55.15477     203.50903
      55.16777     203.57532
      55.18076     203.64565
      55.19376     203.72023
      55.20676     203.79924
      55.21976     203.88281
      55.23277     203.97119
      55.24577     204.06453
      55.25877     204.16306
      55.27177     204.26701
      55.28476     204.37657
      55.29776     204.49205
      55.31076     204.61369
      55.32376     204.74174
      55.33677     204.87653
      55.34977     205.01834
      55.36277     205.16750
      55.37577     205.32434
      55.38876     205.48921
      55.40176     205.66255
      55.41476     205.84476
      55.42776     206.03625
      55.44077     206.23750
      55.45377     206.44897
      55.46677     206.67123
      55.47977     206.90479
      55.49276     207.15019
      55.50576     207.40820
      55.51876     207.67943
      55.53176     207.96460
      55.54477     208.26447
      55.55777     208.57986
      55.57077     208.91167
      55.58377     209.26083
      55.59676     209.62827
      55.60976     210.01526
      55.62276     210.42288
      55.63577     210.85240
      55.64877     211.30518
      55.66177     211.78268
      55.67477     212.28650
      55.68777     212.81833
      55.70076     213.37988
      55.71376     213.97348
      55.72676     214.60117
      55.73977     215.26530
      55.75277     215.96851
      55.76577     216.71356
      55.77877     217.50357
      55.79176     218.34164
      55.80476     219.23199
      55.81776     220.17839
      55.83076     221.18533
      55.84377     222.25771
      55.85677     223.40094
      55.86977     224.62102
      55.88277     225.92459
      55.89576     227.31859
      55.90876     228.81204
      55.92176     230.41371
      55.93476     232.13380
      55.94777     233.98381
      55.96077     235.97659
      55.97377     238.12671
      55.98677     240.45055
      55.99976     242.96597
      56.01276     245.69560
      56.02576     248.66290
      56.03876     251.89551
      56.05177     255.42519
      56.06477     259.28860
      56.07777     263.52826
      56.09077     268.19348
      56.10376     273.34055
      56.11676     279.04031
      56.12976     285.37183
      56.14277     292.43124
      56.15577     300.33493
      56.16877     309.22629
      56.18177     319.28586
      56.19477     330.74780
      56.20776     343.92090
      56.22076     359.24316
      56.23376     377.31506
      56.24677     398.99188
      56.25977     425.47748
      56.27277     458.43402
      56.28577     500.08447
      56.29876     553.25873
      56.31176     621.44318
      56.32476     708.54858
      56.33776     818.67084
      56.35077     955.60059
      56.36377    1122.14917
      56.37677    1319.20825
      56.38977    1544.35339
      56.40276    1789.59900
      56.41576    2038.69006
      56.42876    2264.22900
      56.44176    2430.39551
      56.45477    2504.99292
      56.46777    2477.32397
      56.48077    2366.13672
      56.49377    2208.80713
      56.50676    2043.24866
      56.51976    1896.81921
      56.53276    1784.81213
      56.54576    1712.17163
      56.55877    1675.20313
      56.57177    1662.07507
      56.58477    1653.58545
      56.59777    1627.12036
      56.61076    1565.24963
      56.62376    1464.05481
      56.63676    1333.57056
      56.64977    1189.94067
      56.66277    1047.47656
      56.67577     915.48206
      56.68877     798.69727
      56.70177     698.75818
      56.71476     615.43213
      56.72776     547.31433
      56.74076     492.48541
      56.75377     448.76950
      56.76677     414.02222
      56.77977     386.30573
      56.79277     363.98361
      56.80576     345.75314
      56.81876     330.60446
      56.83176     317.80484
      56.84476     306.82004
      56.85777     297.26685
      56.87077     288.86880
      56.88377     281.42300
      56.89677     274.77655
      56.90976     268.81241
      56.92276     263.43246
      56.93576     258.56134
      56.94876     254.13487
      56.96177     250.09904
      56.97477     246.40802
      56.98777     243.02257
      57.00077     239.90894
      57.01376     237.03874
      57.02676     234.38495
      57.03976     231.92636
      57.05276     229.64362
      57.06577     227.51970
      57.07877     225.53967
      57.09177     223.69028
      57.10477     221.95976
      57.11776     220.33815
      57.13076     218.81517
      57.14376     217.38301
      57.15676     216.03416
      57.16977     214.76195
      57.18277     213.56030
      57.19577     212.42378
      57.20877     211.34744
      57.22176     210.32712
      57.23476     209.35811
      57.24776     208.43706
      57.26077     207.56058
      57.27377     206.72559
      57.28677     205.92929
      57.29977     205.16908
      57.31277     204.44261
      57.32576     203.74791
      57.33876     203.08253
      57.35176     202.44489
      57.36477     201.83324
      57.37777     201.24603
      57.39077     200.68179
      57.40377     200.13919
      57.41676     199.61713
      57.42976     199.11412
      57.44276     198.62926
      57.45576     198.16151
      57.46877     197.70999
      57.48177     197.27379
      57.49477     196.85210
      57.50777     196.44417
      57.52076     196.04938
      57.53376     195.66687
      57.54676     195.29610
      57.55976     194.93649
      57.57277     194.58752
      57.58577     194.24864
      57.59877     193.91939
      57.61177     193.59930
      57.62476     193.28804
      57.63776     192.98502
      57.65076     192.68994
      57.66376     192.40245
      57.67677     192.12222
      57.68977     191.84892
      57.70277     191.58226
      57.71577     191.32193
      57.72876     191.06775
      57.74176     190.81931
      57.75476     190.57645
      57.76777     190.33891
      57.78077     190.10651
      57.79377     189.87901
      57.80677     189.65625
      57.81977     189.43800
      57.83276     189.22417
      57.84576     189.01447
      57.85876     188.80878
      57.87177     188.60695
      57.88477     188.40884
      57.89777     188.21432
      57.91077     188.02325
      57.92376     187.83556
      57.93676     187.65102
      57.94976     187.46954
      57.96276     187.29106
      57.97577     187.11543
      57.98877     186.94258
      58.00177     186.77240
      58.01477     186.60481
      58.02776     186.43974
      58.04076     186.27704
      58.05376     186.11667
      58.06676     185.95854
      58.07977     185.80258
      58.09277     185.64873
      58.10577     185.49692
      58.11877     185.34706
      58.13176     185.19916
      58.14476     185.05305
      58.15776     184.90875
      58.17076     184.76616
      58.18377     184.62526
      58.19677     184.48598
      58.20977     184.34827
      58.22277     184.21210
      58.23576     184.07744
      58.24876     183.94418
      58.26176     183.81232
      58.27477     183.68181
      58.28777     183.55261
      58.30077     183.42470
      58.31377     183.29802
      58.32677     183.17255
      58.33976     183.04828
      58.35276     182.92511
      58.36576     182.80305
      58.37877     182.68207
      58.39177     182.56212
      58.40477     182.44319
      58.41777     182.32526
      58.43076     182.20831
      58.44376     182.09229
      58.45676     181.97716
      58.46976     181.86292
      58.48277     181.74954
      58.49577     181.63699
      58.50877     181.52528
      58.52177     181.41437
      58.53476     181.30426
      58.54776     181.19487
      58.56076     181.08623
      58.57376     180.97830
      58.58677     180.87108
      58.59977     180.76454
      58.61277     180.65868
      58.62577     180.55347
      58.63876     180.44891
      58.65176     180.34496
      58.66476     180.24159
      58.67776     180.13882
