! TITLE: ML_NaCl_20-137deg_0p01_60s_36min_20161012.dat                                                                                                                                                                                                                   
! Peak:  3
      54.68676  NaN         
      54.69976  NaN         
      54.71276  NaN         
      54.72577  NaN         
      54.73877  NaN         
      54.75177  NaN         
      54.76477  NaN         
      54.77776  NaN         
      54.79076  NaN         
      54.80376  NaN         
      54.81676  NaN         
      54.82977  NaN         
      54.84277  NaN         
      54.85577  NaN         
      54.86877  NaN         
      54.88176  NaN         
      54.89476  NaN         
      54.90776  NaN         
      54.92076  NaN         
      54.93377  NaN         
      54.94677  NaN         
      54.95977  NaN         
      54.97277  NaN         
      54.98576  NaN         
      54.99876  NaN         
      55.01176  NaN         
      55.02477  NaN         
      55.03777  NaN         
      55.05077  NaN         
      55.06377  NaN         
      55.07677  NaN         
      55.08976  NaN         
      55.10276  NaN         
      55.11576  NaN         
      55.12877  NaN         
      55.14177  NaN         
      55.15477  NaN         
      55.16777  NaN         
      55.18076  NaN         
      55.19376  NaN         
      55.20676  NaN         
      55.21976  NaN         
      55.23277  NaN         
      55.24577  NaN         
      55.25877  NaN         
      55.27177  NaN         
      55.28476  NaN         
      55.29776  NaN         
      55.31076  NaN         
      55.32376  NaN         
      55.33677  NaN         
      55.34977  NaN         
      55.36277  NaN         
      55.37577  NaN         
      55.38876  NaN         
      55.40176  NaN         
      55.41476  NaN         
      55.42776  NaN         
      55.44077  NaN         
      55.45377  NaN         
      55.46677  NaN         
      55.47977  NaN         
      55.49276  NaN         
      55.50576  NaN         
      55.51876  NaN         
      55.53176  NaN         
      55.54477  NaN         
      55.55777  NaN         
      55.57077  NaN         
      55.58377  NaN         
      55.59676  NaN         
      55.60976  NaN         
      55.62276  NaN         
      55.63577  NaN         
      55.64877  NaN         
      55.66177  NaN         
      55.67477  NaN         
      55.68777  NaN         
      55.70076  NaN         
      55.71376  NaN         
      55.72676  NaN         
      55.73977  NaN         
      55.75277  NaN         
      55.76577  NaN         
      55.77877  NaN         
      55.79176  NaN         
      55.80476  NaN         
      55.81776  NaN         
      55.83076  NaN         
      55.84377  NaN         
      55.85677  NaN         
      55.86977  NaN         
      55.88277  NaN         
      55.89576  NaN         
      55.90876  NaN         
      55.92176  NaN         
      55.93476  NaN         
      55.94777  NaN         
      55.96077  NaN         
      55.97377  NaN         
      55.98677  NaN         
      55.99976  NaN         
      56.01276  NaN         
      56.02576  NaN         
      56.03876  NaN         
      56.05177  NaN         
      56.06477  NaN         
      56.07777  NaN         
      56.09077  NaN         
      56.10376  NaN         
      56.11676  NaN         
      56.12976  NaN         
      56.14277  NaN         
      56.15577  NaN         
      56.16877  NaN         
      56.18177  NaN         
      56.19477  NaN         
      56.20776  NaN         
      56.22076  NaN         
      56.23376  NaN         
      56.24677  NaN         
      56.25977  NaN         
      56.27277  NaN         
      56.28577  NaN         
      56.29876  NaN         
      56.31176  NaN         
      56.32476  NaN         
      56.33776  NaN         
      56.35077  NaN         
      56.36377  NaN         
      56.37677  NaN         
      56.38977  NaN         
      56.40276  NaN         
      56.41576  NaN         
      56.42876  NaN         
      56.44176  NaN         
      56.45477  NaN         
      56.46777  NaN         
      56.48077  NaN         
      56.49377  NaN         
      56.50676  NaN         
      56.51976  NaN         
      56.53276  NaN         
      56.54576  NaN         
      56.55877  NaN         
      56.57177  NaN         
      56.58477  NaN         
      56.59777  NaN         
      56.61076  NaN         
      56.62376  NaN         
      56.63676  NaN         
      56.64977  NaN         
      56.66277  NaN         
      56.67577  NaN         
      56.68877  NaN         
      56.70177  NaN         
      56.71476  NaN         
      56.72776  NaN         
      56.74076  NaN         
      56.75377  NaN         
      56.76677  NaN         
      56.77977  NaN         
      56.79277  NaN         
      56.80576  NaN         
      56.81876  NaN         
      56.83176  NaN         
      56.84476  NaN         
      56.85777  NaN         
      56.87077  NaN         
      56.88377  NaN         
      56.89677  NaN         
      56.90976  NaN         
      56.92276  NaN         
      56.93576  NaN         
      56.94876  NaN         
      56.96177  NaN         
      56.97477  NaN         
      56.98777  NaN         
      57.00077  NaN         
      57.01376  NaN         
      57.02676  NaN         
      57.03976  NaN         
      57.05276  NaN         
      57.06577  NaN         
      57.07877  NaN         
      57.09177  NaN         
      57.10477  NaN         
      57.11776  NaN         
      57.13076  NaN         
      57.14376  NaN         
      57.15676  NaN         
      57.16977  NaN         
      57.18277  NaN         
      57.19577  NaN         
      57.20877  NaN         
      57.22176  NaN         
      57.23476  NaN         
      57.24776  NaN         
      57.26077  NaN         
      57.27377  NaN         
      57.28677  NaN         
      57.29977  NaN         
      57.31277  NaN         
      57.32576  NaN         
      57.33876  NaN         
      57.35176  NaN         
      57.36477  NaN         
      57.37777  NaN         
      57.39077  NaN         
      57.40377  NaN         
      57.41676  NaN         
      57.42976  NaN         
      57.44276  NaN         
      57.45576  NaN         
      57.46877  NaN         
      57.48177  NaN         
      57.49477  NaN         
      57.50777  NaN         
      57.52076  NaN         
      57.53376  NaN         
      57.54676  NaN         
      57.55976  NaN         
      57.57277  NaN         
      57.58577  NaN         
      57.59877  NaN         
      57.61177  NaN         
      57.62476  NaN         
      57.63776  NaN         
      57.65076  NaN         
      57.66376  NaN         
      57.67677  NaN         
      57.68977  NaN         
      57.70277  NaN         
      57.71577  NaN         
      57.72876  NaN         
      57.74176  NaN         
      57.75476  NaN         
      57.76777  NaN         
      57.78077  NaN         
      57.79377  NaN         
      57.80677  NaN         
      57.81977  NaN         
      57.83276  NaN         
      57.84576  NaN         
      57.85876  NaN         
      57.87177  NaN         
      57.88477  NaN         
      57.89777  NaN         
      57.91077  NaN         
      57.92376  NaN         
      57.93676  NaN         
      57.94976  NaN         
      57.96276  NaN         
      57.97577  NaN         
      57.98877  NaN         
      58.00177  NaN         
      58.01477  NaN         
      58.02776  NaN         
      58.04076  NaN         
      58.05376  NaN         
      58.06676  NaN         
      58.07977  NaN         
      58.09277  NaN         
      58.10577  NaN         
      58.11877  NaN         
      58.13176  NaN         
      58.14476  NaN         
      58.15776  NaN         
      58.17076  NaN         
      58.18377  NaN         
      58.19677  NaN         
      58.20977  NaN         
      58.22277  NaN         
      58.23576  NaN         
      58.24876  NaN         
      58.26176  NaN         
      58.27477  NaN         
      58.28777  NaN         
      58.30077  NaN         
      58.31377  NaN         
      58.32677  NaN         
      58.33976  NaN         
      58.35276  NaN         
      58.36576  NaN         
      58.37877  NaN         
      58.39177  NaN         
      58.40477  NaN         
      58.41777  NaN         
      58.43076  NaN         
      58.44376  NaN         
      58.45676  NaN         
      58.46976  NaN         
      58.48277  NaN         
      58.49577  NaN         
      58.50877  NaN         
      58.52177  NaN         
      58.53476  NaN         
      58.54776  NaN         
      58.56076  NaN         
      58.57376  NaN         
      58.58677  NaN         
      58.59977  NaN         
      58.61277  NaN         
      58.62577  NaN         
      58.63876  NaN         
      58.65176  NaN         
      58.66476  NaN         
      58.67776  NaN         
      58.69077  NaN         
      58.70377  NaN         
      58.71677  NaN         
      58.72977  NaN         
      58.74276  NaN         
      58.75576  NaN         
      58.76876  NaN         
      58.78176  NaN         
      58.79477  NaN         
      58.80777  NaN         
      58.82077  NaN         
      58.83377  NaN         
      58.84676  NaN         
      58.85976  NaN         
      58.87276  NaN         
      58.88577  NaN         
      58.89877  NaN         
      58.91177  NaN         
      58.92477  NaN         
      58.93777  NaN         
      58.95076  NaN         
      58.96376  NaN         
      58.97676  NaN         
      58.98977  NaN         
      59.00277  NaN         
      59.01577  NaN         
      59.02877  NaN         
      59.04176  NaN         
      59.05476  NaN         
      59.06776  NaN         
      59.08076  NaN         
      59.09377  NaN         
      59.10677  NaN         
      59.11977  NaN         
      59.13277  NaN         
      59.14576  NaN         
      59.15876  NaN         
      59.17176  NaN         
      59.18476  NaN         
      59.19777  NaN         
      59.21077  NaN         
      59.22377  NaN         
      59.23677  NaN         
      59.24976  NaN         
      59.26276  NaN         
      59.27576  NaN         
      59.28876  NaN         
      59.30177  NaN         
      59.31477  NaN         
      59.32777  NaN         
      59.34077  NaN         
      59.35376  NaN         
      59.36676  NaN         
      59.37976  NaN         
      59.39277  NaN         
      59.40577  NaN         
      59.41877  NaN         
      59.43177  NaN         
      59.44477  NaN         
      59.45776  NaN         
      59.47076  NaN         
      59.48376  NaN         
      59.49677  NaN         
      59.50977  NaN         
      59.52277  NaN         
      59.53577  NaN         
      59.54876  NaN         
      59.56176  NaN         
      59.57476  NaN         
      59.58776  NaN         
      59.60077  NaN         
      59.61377  NaN         
      59.62677  NaN         
      59.63977  NaN         
      59.65276  NaN         
      59.66576  NaN         
      59.67876  NaN         
      59.69176  NaN         
      59.70477  NaN         
      59.71777  NaN         
      59.73077  NaN         
      59.74377  NaN         
      59.75676  NaN         
      59.76976  NaN         
      59.78276  NaN         
      59.79576  NaN         
      59.80877  NaN         
      59.82177  NaN         
      59.83477  NaN         
      59.84777  NaN         
      59.86076  NaN         
      59.87376  NaN         
      59.88676  NaN         
      59.89977  NaN         
      59.91277  NaN         
      59.92577  NaN         
      59.93877  NaN         
      59.95177  NaN         
      59.96476  NaN         
      59.97776  NaN         
      59.99076  NaN         
      60.00377  NaN         
      60.01677  NaN         
      60.02977  NaN         
      60.04277  NaN         
      60.05576  NaN         
      60.06876  NaN         
      60.08176  NaN         
      60.09476  NaN         
      60.10777  NaN         
      60.12077  NaN         
      60.13377  NaN         
      60.14677  NaN         
      60.15976  NaN         
      60.17276  NaN         
      60.18576  NaN         
      60.19876  NaN         
      60.21177  NaN         
      60.22477  NaN         
      60.23777  NaN         
      60.25077  NaN         
      60.26376  NaN         
      60.27676  NaN         
      60.28976  NaN         
      60.30276  NaN         
      60.31577  NaN         
      60.32877  NaN         
      60.34177  NaN         
      60.35477  NaN         
      60.36776  NaN         
      60.38076  NaN         
      60.39376  NaN         
      60.40676  NaN         
      60.41977  NaN         
      60.43277  NaN         
      60.44577  NaN         
      60.45877  NaN         
      60.47176  NaN         
      60.48476  NaN         
      60.49776  NaN         
      60.51077  NaN         
      60.52377  NaN         
      60.53677  NaN         
      60.54977  NaN         
      60.56277  NaN         
      60.57576  NaN         
      60.58876  NaN         
      60.60176  NaN         
      60.61477  NaN         
      60.62777  NaN         
      60.64077  NaN         
      60.65377  NaN         
      60.66676  NaN         
      60.67976  NaN         
      60.69276  NaN         
      60.70576  NaN         
      60.71877  NaN         
      60.73177  NaN         
      60.74477  NaN         
      60.75777  NaN         
      60.77076  NaN         
      60.78376  NaN         
      60.79676  NaN         
      60.80976  NaN         
      60.82277  NaN         
      60.83577  NaN         
      60.84877  NaN         
      60.86177  NaN         
      60.87476  NaN         
      60.88776  NaN         
      60.90076  NaN         
      60.91376  NaN         
      60.92677  NaN         
      60.93977  NaN         
      60.95277  NaN         
      60.96577  NaN         
      60.97876  NaN         
      60.99176  NaN         
      61.00476  NaN         
      61.01777  NaN         
      61.03077  NaN         
      61.04377  NaN         
      61.05677  NaN         
      61.06977  NaN         
      61.08276  NaN         
      61.09576  NaN         
      61.10876  NaN         
      61.12177  NaN         
      61.13477  NaN         
      61.14777  NaN         
      61.16077  NaN         
      61.17376  NaN         
      61.18676  NaN         
      61.19976  NaN         
      61.21276  NaN         
      61.22577  NaN         
      61.23877  NaN         
      61.25177  NaN         
      61.26477  NaN         
      61.27776  NaN         
      61.29076  NaN         
      61.30376  NaN         
      61.31676  NaN         
      61.32977  NaN         
      61.34277  NaN         
      61.35577  NaN         
      61.36877  NaN         
      61.38176  NaN         
      61.39476  NaN         
      61.40776  NaN         
      61.42076  NaN         
      61.43377  NaN         
      61.44677  NaN         
      61.45977  NaN         
      61.47277  NaN         
      61.48576  NaN         
      61.49876  NaN         
      61.51176  NaN         
      61.52477  NaN         
      61.53777  NaN         
      61.55077  NaN         
      61.56377  NaN         
      61.57677  NaN         
      61.58976  NaN         
      61.60276  NaN         
      61.61576  NaN         
      61.62877  NaN         
      61.64177  NaN         
      61.65477  NaN         
      61.66777  NaN         
      61.68076  NaN         
      61.69376  NaN         
      61.70676  NaN         
      61.71976  NaN         
      61.73277  NaN         
      61.74577  NaN         
      61.75877  NaN         
      61.77177  NaN         
      61.78476  NaN         
      61.79776  NaN         
      61.81076  NaN         
      61.82376  NaN         
      61.83677  NaN         
      61.84977  NaN         
      61.86277  NaN         
      61.87577  NaN         
      61.88876  NaN         
      61.90176  NaN         
      61.91476  NaN         
      61.92776  NaN         
      61.94077  NaN         
      61.95377  NaN         
      61.96677  NaN         
      61.97977  NaN         
      61.99276  NaN         
      62.00576  NaN         
      62.01876  NaN         
      62.03176  NaN         
      62.04477  NaN         
      62.05777  NaN         
      62.07077  NaN         
      62.08377  NaN         
      62.09676  NaN         
      62.10976  NaN         
      62.12276  NaN         
      62.13577  NaN         
      62.14877  NaN         
      62.16177  NaN         
      62.17477  NaN         
      62.18777  NaN         
      62.20076  NaN         
      62.21376  NaN         
      62.22676  NaN         
      62.23977  NaN         
      62.25277  NaN         
      62.26577  NaN         
      62.27877  NaN         
      62.29176  NaN         
      62.30476  NaN         
      62.31776  NaN         
      62.33076  NaN         
      62.34377  NaN         
      62.35677  NaN         
      62.36977  NaN         
      62.38277  NaN         
      62.39576  NaN         
      62.40876  NaN         
      62.42176  NaN         
      62.43476  NaN         
      62.44777  NaN         
      62.46077  NaN         
      62.47377  NaN         
      62.48677  NaN         
      62.49976  NaN         
      62.51276  NaN         
      62.52576  NaN         
      62.53876  NaN         
      62.55177  NaN         
      62.56477  NaN         
      62.57777  NaN         
      62.59077  NaN         
      62.60376  NaN         
      62.61676  NaN         
      62.62976  NaN         
      62.64277  NaN         
      62.65577  NaN         
      62.66877  NaN         
      62.68177  NaN         
      62.69477  NaN         
      62.70776  NaN         
      62.72076  NaN         
      62.73376  NaN         
      62.74677  NaN         
      62.75977  NaN         
      62.77277  NaN         
      62.78577  NaN         
      62.79876  NaN         
      62.81176  NaN         
      62.82476  NaN         
      62.83776  NaN         
      62.85077  NaN         
      62.86377  NaN         
      62.87677  NaN         
      62.88977  NaN         
      62.90276  NaN         
      62.91576  NaN         
      62.92876  NaN         
      62.94176  NaN         
      62.95477  NaN         
      62.96777  NaN         
      62.98077  NaN         
      62.99377  NaN         
      63.00676  NaN         
      63.01976  NaN         
      63.03276  NaN         
      63.04576  NaN         
      63.05877  NaN         
      63.07177  NaN         
      63.08477  NaN         
      63.09777  NaN         
      63.11076  NaN         
      63.12376  NaN         
      63.13676  NaN         
      63.14977  NaN         
      63.16277  NaN         
      63.17577  NaN         
      63.18877  NaN         
      63.20177  NaN         
      63.21476  NaN         
      63.22776  NaN         
      63.24076  NaN         
      63.25377  NaN         
      63.26677  NaN         
      63.27977  NaN         
      63.29277  NaN         
      63.30576  NaN         
      63.31876  NaN         
      63.33176  NaN         
      63.34476  NaN         
      63.35777  NaN         
      63.37077  NaN         
      63.38377  NaN         
      63.39677  NaN         
      63.40976  NaN         
      63.42276  NaN         
      63.43576  NaN         
      63.44876  NaN         
      63.46177  NaN         
      63.47477  NaN         
      63.48777  NaN         
      63.50077  NaN         
      63.51376  NaN         
      63.52676  NaN         
      63.53976  NaN         
      63.55276  NaN         
      63.56577  NaN         
      63.57877  NaN         
      63.59177  NaN         
      63.60477  NaN         
      63.61776  NaN         
      63.63076  NaN         
      63.64376  NaN         
      63.65676  NaN         
      63.66977  NaN         
      63.68277  NaN         
      63.69577  NaN         
      63.70877  NaN         
      63.72176  NaN         
      63.73476  NaN         
      63.74776  NaN         
      63.76077  NaN         
      63.77377  NaN         
      63.78677  NaN         
      63.79977  NaN         
      63.81277  NaN         
      63.82576  NaN         
      63.83876  NaN         
      63.85176  NaN         
      63.86477  NaN         
      63.87777  NaN         
      63.89077  NaN         
      63.90377  NaN         
      63.91676  NaN         
      63.92976  NaN         
      63.94276  NaN         
      63.95576  NaN         
      63.96877  NaN         
      63.98177  NaN         
      63.99477  NaN         
      64.00777  NaN         
      64.02077  NaN         
      64.03377  NaN         
      64.04677  NaN         
      64.05977  NaN         
      64.07276  NaN         
      64.08576  NaN         
      64.09876  NaN         
      64.11176  NaN         
      64.12476  NaN         
      64.13776  NaN         
      64.15076  NaN         
      64.16376  NaN         
      64.17677  NaN         
      64.18977  NaN         
      64.20277  NaN         
      64.21577  NaN         
      64.22877  NaN         
      64.24177  NaN         
      64.25477  NaN         
      64.26777  NaN         
      64.28076  NaN         
      64.29376  NaN         
      64.30676  NaN         
      64.31976  NaN         
      64.33276  NaN         
      64.34576  NaN         
      64.35876  NaN         
      64.37177  NaN         
      64.38477  NaN         
      64.39777  NaN         
      64.41077  NaN         
      64.42377  NaN         
      64.43677  NaN         
      64.44977  NaN         
      64.46277  NaN         
      64.47576  NaN         
      64.48876  NaN         
      64.50176  NaN         
      64.51476  NaN         
      64.52776  NaN         
      64.54076  NaN         
      64.55376  NaN         
      64.56676  NaN         
      64.57977  NaN         
      64.59277  NaN         
      64.60577  NaN         
      64.61877  NaN         
      64.63177  NaN         
      64.64477  NaN         
      64.65777  NaN         
      64.67077  NaN         
      64.68376  NaN         
      64.69676  NaN         
      64.70976  NaN         
      64.72276  NaN         
      64.73576  NaN         
      64.74876  NaN         
      64.76176  NaN         
      64.77477  NaN         
      64.78777  NaN         
      64.80077  NaN         
      64.81377  NaN         
      64.82677  NaN         
      64.83977  NaN         
      64.85277  NaN         
      64.86577  NaN         
      64.87877  NaN         
      64.89176  NaN         
      64.90476  NaN         
      64.91776  NaN         
      64.93076  NaN         
      64.94376  NaN         
      64.95676  NaN         
      64.96976  NaN         
      64.98277  NaN         
      64.99577  NaN         
      65.00877  NaN         
      65.02177  NaN         
      65.03477  NaN         
      65.04777  NaN         
      65.06077  NaN         
      65.07377  NaN         
      65.08676  NaN         
      65.09976  NaN         
      65.11276  NaN         
      65.12576  NaN         
      65.13876  NaN         
      65.15176  NaN         
      65.16476  NaN         
      65.17776  NaN         
      65.19077  NaN         
      65.20377  NaN         
      65.21677  NaN         
      65.22977  NaN         
      65.24277  NaN         
      65.25577  NaN         
      65.26877  NaN         
      65.28177  NaN         
      65.29476  NaN         
      65.30776  NaN         
      65.32076  NaN         
      65.33376  NaN         
      65.34676  NaN         
      65.35976  NaN         
      65.37276  NaN         
      65.38577  NaN         
      65.39877  NaN         
      65.41177  NaN         
      65.42477  NaN         
      65.43777  NaN         
      65.45077  NaN         
      65.46377  NaN         
      65.47677  NaN         
      65.48976  NaN         
      65.50276  NaN         
      65.51576  NaN         
      65.52876  NaN         
      65.54176  NaN         
      65.55476  NaN         
      65.56776  NaN         
      65.58076  NaN         
      65.59377  NaN         
      65.60677  NaN         
      65.61977  NaN         
      65.63277  NaN         
      65.64577  NaN         
      65.65877  NaN         
      65.67177  NaN         
      65.68477  NaN         
      65.69776  NaN         
      65.71076  NaN         
      65.72376  NaN         
      65.73676  NaN         
      65.74976  NaN         
      65.76276  NaN         
      65.77576  NaN         
      65.78876  NaN         
      65.80177  NaN         
      65.81477  NaN         
      65.82777  NaN         
      65.84077  NaN         
      65.85377  NaN         
      65.86677  NaN         
      65.87977  NaN         
      65.89277  NaN         
      65.90576  NaN         
      65.91876  NaN         
      65.93176  NaN         
      65.94476  NaN         
      65.95776  NaN         
      65.97076  NaN         
      65.98376  NaN         
      65.99677  NaN         
      66.00977  NaN         
      66.02277  NaN         
      66.03577  NaN         
      66.04877  NaN         
      66.06177  NaN         
      66.07477  NaN         
      66.08777  NaN         
      66.10076  NaN         
      66.11376  NaN         
      66.12676  NaN         
      66.13976  NaN         
      66.15276  NaN         
      66.16576  NaN         
      66.17876  NaN         
      66.19176  NaN         
      66.20477  NaN         
      66.21777  NaN         
      66.23077  NaN         
      66.24377  NaN         
      66.25677  NaN         
      66.26977  NaN         
      66.28277  NaN         
      66.29577  NaN         
      66.30876  NaN         
      66.32176  NaN         
      66.33476  NaN         
      66.34776  NaN         
      66.36076  NaN         
      66.37376  NaN         
      66.38676  NaN         
      66.39977  NaN         
      66.41277  NaN         
      66.42577  NaN         
      66.43877  NaN         
      66.45177  NaN         
      66.46477  NaN         
      66.47777  NaN         
      66.49077  NaN         
      66.50377  NaN         
      66.51676  NaN         
      66.52976  NaN         
      66.54276  NaN         
      66.55576  NaN         
      66.56876  NaN         
      66.58176  NaN         
      66.59476  NaN         
      66.60777  NaN         
      66.62077  NaN         
      66.63377  NaN         
      66.64677  NaN         
      66.65977  NaN         
      66.67277  NaN         
      66.68577  NaN         
      66.69877  NaN         
      66.71176  NaN         
      66.72476  NaN         
      66.73776  NaN         
      66.75076  NaN         
      66.76376  NaN         
      66.77676  NaN         
      66.78976  NaN         
      66.80276  NaN         
      66.81577  NaN         
      66.82877  NaN         
      66.84177  NaN         
      66.85477  NaN         
      66.86777  NaN         
      66.88077  NaN         
      66.89377  NaN         
      66.90677  NaN         
      66.91976  NaN         
      66.93276  NaN         
      66.94576  NaN         
      66.95876  NaN         
      66.97176  NaN         
      66.98476  NaN         
      66.99776  NaN         
      67.01077  NaN         
      67.02377  NaN         
      67.03677  NaN         
      67.04977  NaN         
      67.06277  NaN         
      67.07577  NaN         
      67.08877  NaN         
      67.10177  NaN         
      67.11476  NaN         
      67.12776  NaN         
      67.14076  NaN         
      67.15376  NaN         
      67.16676  NaN         
      67.17976  NaN         
      67.19276  NaN         
      67.20576  NaN         
      67.21877  NaN         
      67.23177  NaN         
      67.24477  NaN         
      67.25777  NaN         
      67.27077  NaN         
      67.28377  NaN         
      67.29677  NaN         
      67.30977  NaN         
      67.32276  NaN         
      67.33576  NaN         
      67.34876  NaN         
      67.36176  NaN         
      67.37476  NaN         
      67.38776  NaN         
      67.40076  NaN         
      67.41376  NaN         
      67.42677  NaN         
      67.43977  NaN         
      67.45277  NaN         
      67.46577  NaN         
      67.47877  NaN         
      67.49177  NaN         
      67.50477  NaN         
      67.51777  NaN         
      67.53076  NaN         
      67.54376  NaN         
      67.55676  NaN         
      67.56976  NaN         
      67.58276  NaN         
      67.59576  NaN         
      67.60876  NaN         
      67.62177  NaN         
      67.63477  NaN         
      67.64777  NaN         
      67.66077  NaN         
      67.67377  NaN         
      67.68677  NaN         
      67.69977  NaN         
      67.71277  NaN         
      67.72576  NaN         
      67.73876  NaN         
      67.75176  NaN         
      67.76476  NaN         
      67.77776  NaN         
      67.79076  NaN         
      67.80376  NaN         
      67.81676  NaN         
      67.82977  NaN         
      67.84277  NaN         
      67.85577  NaN         
      67.86877  NaN         
      67.88177  NaN         
      67.89477  NaN         
      67.90777  NaN         
      67.92077  NaN         
      67.93376  NaN         
      67.94676  NaN         
      67.95976  NaN         
      67.97276  NaN         
      67.98576  NaN         
      67.99876  NaN         
      68.01176  NaN         
      68.02477  NaN         
      68.03777  NaN         
      68.05077  NaN         
      68.06377  NaN         
      68.07677  NaN         
      68.08977  NaN         
      68.10277  NaN         
      68.11577  NaN         
      68.12877  NaN         
      68.14176  NaN         
      68.15476  NaN         
      68.16776  NaN         
      68.18076  NaN         
      68.19376  NaN         
      68.20676  NaN         
      68.21976  NaN         
      68.23277  NaN         
      68.24577  NaN         
      68.25877  NaN         
      68.27177  NaN         
      68.28477  NaN         
      68.29777  NaN         
      68.31077  NaN         
      68.32377  NaN         
      68.33676  NaN         
      68.34976  NaN         
      68.36276  NaN         
      68.37576  NaN         
      68.38876  NaN         
      68.40176  NaN         
      68.41476  NaN         
      68.42776  NaN         
      68.44077  NaN         
      68.45377  NaN         
      68.46677  NaN         
      68.47977  NaN         
      68.49277  NaN         
      68.50577  NaN         
      68.51877  NaN         
      68.53177  NaN         
      68.54476  NaN         
      68.55776  NaN         
      68.57076  NaN         
      68.58376  NaN         
      68.59676  NaN         
      68.60976  NaN         
      68.62276  NaN         
      68.63577  NaN         
      68.64877  NaN         
      68.66177  NaN         
      68.67477  NaN         
      68.68777  NaN         
      68.70077  NaN         
      68.71377  NaN         
      68.72677  NaN         
      68.73976  NaN         
      68.75276  NaN         
      68.76576  NaN         
      68.77876  NaN         
      68.79176  NaN         
      68.80476  NaN         
      68.81776  NaN         
      68.83076  NaN         
      68.84377  NaN         
      68.85677  NaN         
      68.86977  NaN         
      68.88277  NaN         
      68.89577  NaN         
      68.90877  NaN         
      68.92177  NaN         
      68.93477  NaN         
      68.94776  NaN         
      68.96076  NaN         
      68.97376  NaN         
      68.98676  NaN         
      68.99976  NaN         
      69.01276  NaN         
      69.02576  NaN         
      69.03876  NaN         
      69.05177  NaN         
      69.06477  NaN         
      69.07777  NaN         
      69.09077  NaN         
      69.10377  NaN         
      69.11677  NaN         
      69.12977  NaN         
      69.14277  NaN         
      69.15576  NaN         
      69.16876  NaN         
      69.18176  NaN         
      69.19476  NaN         
      69.20776  NaN         
      69.22076  NaN         
      69.23376  NaN         
      69.24677  NaN         
      69.25977  NaN         
      69.27277  NaN         
      69.28577  NaN         
      69.29877  NaN         
      69.31177  NaN         
      69.32477  NaN         
      69.33777  NaN         
      69.35076  NaN         
      69.36376  NaN         
      69.37676  NaN         
      69.38976  NaN         
      69.40276  NaN         
      69.41576  NaN         
      69.42876  NaN         
      69.44176  NaN         
      69.45477  NaN         
      69.46777  NaN         
      69.48077  NaN         
      69.49377  NaN         
      69.50677  NaN         
      69.51977  NaN         
      69.53277  NaN         
      69.54577  NaN         
      69.55876  NaN         
      69.57176  NaN         
      69.58476  NaN         
      69.59776  NaN         
      69.61076  NaN         
      69.62376  NaN         
      69.63676  NaN         
      69.64977  NaN         
      69.66277  NaN         
      69.67577  NaN         
      69.68877  NaN         
      69.70177  NaN         
      69.71477  NaN         
      69.72777  NaN         
      69.74077  NaN         
      69.75377  NaN         
      69.76676  NaN         
      69.77976  NaN         
      69.79276  NaN         
      69.80576  NaN         
      69.81876  NaN         
      69.83176  NaN         
      69.84476  NaN         
      69.85777  NaN         
      69.87077  NaN         
      69.88377  NaN         
      69.89677  NaN         
      69.90977  NaN         
      69.92277  NaN         
      69.93577  NaN         
      69.94877  NaN         
      69.96176  NaN         
      69.97476  NaN         
      69.98776  NaN         
      70.00076  NaN         
      70.01376  NaN         
      70.02676  NaN         
      70.03976  NaN         
      70.05276  NaN         
      70.06577  NaN         
      70.07877  NaN         
      70.09177  NaN         
      70.10477  NaN         
      70.11777  NaN         
      70.13077  NaN         
      70.14377  NaN         
      70.15677  NaN         
      70.16976  NaN         
      70.18276  NaN         
      70.19576  NaN         
      70.20876  NaN         
      70.22176  NaN         
      70.23476  NaN         
      70.24776  NaN         
      70.26077  NaN         
      70.27377  NaN         
      70.28677  NaN         
      70.29977  NaN         
      70.31277  NaN         
      70.32577  NaN         
      70.33877  NaN         
      70.35177  NaN         
      70.36476  NaN         
      70.37776  NaN         
      70.39076  NaN         
      70.40376  NaN         
      70.41676  NaN         
      70.42976  NaN         
      70.44276  NaN         
      70.45576  NaN         
      70.46877  NaN         
      70.48177  NaN         
      70.49477  NaN         
      70.50777  NaN         
      70.52077  NaN         
      70.53377  NaN         
      70.54677  NaN         
      70.55977  NaN         
      70.57276  NaN         
      70.58576  NaN         
      70.59876  NaN         
      70.61176  NaN         
      70.62476  NaN         
      70.63776  NaN         
      70.65076  NaN         
      70.66376  NaN         
      70.67677  NaN         
      70.68977  NaN         
      70.70277  NaN         
      70.71577  NaN         
      70.72877  NaN         
      70.74177  NaN         
      70.75477  NaN         
      70.76777  NaN         
      70.78076  NaN         
      70.79376  NaN         
      70.80676  NaN         
      70.81976  NaN         
      70.83276  NaN         
      70.84576  NaN         
      70.85876  NaN         
      70.87177  NaN         
      70.88477  NaN         
      70.89777  NaN         
      70.91077  NaN         
      70.92377  NaN         
      70.93677  NaN         
      70.94977  NaN         
      70.96277  NaN         
      70.97576  NaN         
      70.98876  NaN         
      71.00176  NaN         
      71.01476  NaN         
      71.02776  NaN         
      71.04076  NaN         
      71.05376  NaN         
      71.06676  NaN         
      71.07977  NaN         
      71.09277  NaN         
      71.10577  NaN         
      71.11877  NaN         
      71.13177  NaN         
      71.14477  NaN         
      71.15777  NaN         
      71.17077  NaN         
      71.18376  NaN         
      71.19676  NaN         
      71.20976  NaN         
      71.22276  NaN         
      71.23576  NaN         
      71.24876  NaN         
      71.26176  NaN         
      71.27477  NaN         
      71.28777  NaN         
      71.30077  NaN         
      71.31377  NaN         
      71.32677  NaN         
      71.33977  NaN         
      71.35277  NaN         
      71.36577  NaN         
      71.37877  NaN         
      71.39176  NaN         
      71.40476  NaN         
      71.41776  NaN         
      71.43076  NaN         
      71.44376  NaN         
      71.45676  NaN         
      71.46976  NaN         
      71.48277  NaN         
      71.49577  NaN         
      71.50877  NaN         
      71.52177  NaN         
      71.53477  NaN         
      71.54777  NaN         
      71.56077  NaN         
      71.57377  NaN         
      71.58676  NaN         
      71.59976  NaN         
      71.61276  NaN         
      71.62576  NaN         
      71.63876  NaN         
      71.65176  NaN         
      71.66476  NaN         
      71.67776  NaN         
      71.69077  NaN         
      71.70377  NaN         
      71.71677  NaN         
      71.72977  NaN         
      71.74277  NaN         
      71.75577  NaN         
      71.76877  NaN         
      71.78177  NaN         
      71.79476  NaN         
      71.80776  NaN         
      71.82076  NaN         
      71.83376  NaN         
      71.84676  NaN         
      71.85976  NaN         
      71.87276  NaN         
      71.88577  NaN         
      71.89877  NaN         
      71.91177  NaN         
      71.92477  NaN         
      71.93777  NaN         
      71.95077  NaN         
      71.96377  NaN         
      71.97677  NaN         
      71.98976  NaN         
      72.00276  NaN         
      72.01576  NaN         
      72.02876  NaN         
      72.04176  NaN         
      72.05476  NaN         
      72.06776  NaN         
      72.08076  NaN         
      72.09377  NaN         
      72.10677  NaN         
      72.11977  NaN         
      72.13277  NaN         
      72.14577  NaN         
      72.15877  NaN         
      72.17177  NaN         
      72.18477  NaN         
      72.19776  NaN         
      72.21076  NaN         
      72.22376  NaN         
      72.23676  NaN         
      72.24976  NaN         
      72.26276  NaN         
      72.27576  NaN         
      72.28876  NaN         
      72.30177  NaN         
      72.31477  NaN         
      72.32777  NaN         
      72.34077  NaN         
      72.35377  NaN         
      72.36677  NaN         
      72.37977  NaN         
      72.39277  NaN         
      72.40576  NaN         
      72.41876  NaN         
      72.43176  NaN         
      72.44476  NaN         
      72.45776  NaN         
      72.47076  NaN         
      72.48376  NaN         
      72.49677  NaN         
      72.50977  NaN         
      72.52277  NaN         
      72.53577  NaN         
      72.54877  NaN         
      72.56177  NaN         
      72.57477  NaN         
      72.58777  NaN         
      72.60076  NaN         
      72.61376  NaN         
      72.62676  NaN         
      72.63976  NaN         
      72.65276  NaN         
      72.66576  NaN         
      72.67876  NaN         
      72.69176  NaN         
      72.70477  NaN         
      72.71777  NaN         
      72.73077  NaN         
      72.74377  NaN         
      72.75677  NaN         
      72.76977  NaN         
      72.78277  NaN         
      72.79577  NaN         
      72.80876  NaN         
      72.82176  NaN         
      72.83476  NaN         
      72.84776  NaN         
      72.86076  NaN         
      72.87376  NaN         
      72.88676  NaN         
      72.89977  NaN         
      72.91277  NaN         
      72.92577  NaN         
      72.93877  NaN         
      72.95177  NaN         
      72.96477  NaN         
      72.97777  NaN         
      72.99077  NaN         
      73.00377  NaN         
      73.01676  NaN         
      73.02976  NaN         
      73.04276  NaN         
      73.05576  NaN         
      73.06876  NaN         
      73.08176  NaN         
      73.09476  NaN         
      73.10777  NaN         
      73.12077  NaN         
      73.13377  NaN         
      73.14677  NaN         
      73.15977  NaN         
      73.17277  NaN         
      73.18577  NaN         
      73.19877  NaN         
      73.21176  NaN         
      73.22476  NaN         
      73.23776  NaN         
      73.25076  NaN         
      73.26376  NaN         
      73.27676  NaN         
      73.28976  NaN         
      73.30276  NaN         
      73.31577  NaN         
      73.32877  NaN         
      73.34177  NaN         
      73.35477  NaN         
      73.36777  NaN         
      73.38077  NaN         
      73.39377  NaN         
      73.40677  NaN         
      73.41976  NaN         
      73.43276  NaN         
      73.44576  NaN         
      73.45876  NaN         
      73.47176  NaN         
      73.48476  NaN         
      73.49776  NaN         
      73.51077  NaN         
      73.52377  NaN         
      73.53677  NaN         
      73.54977  NaN         
      73.56277  NaN         
      73.57577  NaN         
      73.58877  NaN         
      73.60177  NaN         
      73.61476  NaN         
      73.62776  NaN         
      73.64076  NaN         
      73.65376  NaN         
      73.66676  NaN         
      73.67976  NaN         
      73.69276  NaN         
      73.70576  NaN         
      73.71877  NaN         
      73.73177  NaN         
      73.74477  NaN         
      73.75777  NaN         
      73.77077  NaN         
      73.78377  NaN         
      73.79677  NaN         
      73.80977  NaN         
      73.82276  NaN         
      73.83576  NaN         
      73.84876  NaN         
      73.86176  NaN         
      73.87476  NaN         
      73.88776  NaN         
      73.90076  NaN         
      73.91376  NaN         
      73.92677  NaN         
      73.93977  NaN         
      73.95277  NaN         
      73.96577  NaN         
      73.97877  NaN         
      73.99177  NaN         
      74.00477  NaN         
      74.01777  NaN         
      74.03076  NaN         
      74.04376  NaN         
      74.05676  NaN         
      74.06976  NaN         
      74.08276  NaN         
      74.09576  NaN         
      74.10876  NaN         
      74.12177  NaN         
      74.13477  NaN         
      74.14777  NaN         
      74.16077  NaN         
      74.17377  NaN         
      74.18677  NaN         
      74.19977  NaN         
      74.21277  NaN         
      74.22576  NaN         
      74.23876  NaN         
      74.25176  NaN         
      74.26476  NaN         
      74.27776  NaN         
      74.29076  NaN         
      74.30376  NaN         
      74.31676  NaN         
      74.32977  NaN         
      74.34277  NaN         
      74.35577  NaN         
      74.36877  NaN         
      74.38177  NaN         
      74.39477  NaN         
      74.40777  NaN         
      74.42077  NaN         
      74.43376  NaN         
      74.44676  NaN         
      74.45976  NaN         
      74.47276  NaN         
      74.48576  NaN         
      74.49876  NaN         
      74.51176  NaN         
      74.52477  NaN         
      74.53777  NaN         
      74.55077  NaN         
      74.56377  NaN         
      74.57677  NaN         
      74.58977  NaN         
      74.60277  NaN         
      74.61577  NaN         
      74.62877  NaN         
      74.64176  NaN         
      74.65476  NaN         
      74.66776  NaN         
      74.68076  NaN         
      74.69376  NaN         
      74.70676  NaN         
      74.71976  NaN         
      74.73277  NaN         
      74.74577  NaN         
      74.75877  NaN         
      74.77177  NaN         
      74.78477  NaN         
      74.79777  NaN         
      74.81077  NaN         
      74.82377  NaN         
      74.83676  NaN         
      74.84976  NaN         
      74.86276  NaN         
      74.87576  NaN         
      74.88876  NaN         
      74.90176  NaN         
      74.91476  NaN         
      74.92776  NaN         
      74.94077  NaN         
      74.95377  NaN         
      74.96677  NaN         
      74.97977  NaN         
      74.99277  NaN         
      75.00577  NaN         
      75.01877  NaN         
      75.03177  NaN         
      75.04476  NaN         
      75.05776  NaN         
      75.07076  NaN         
      75.08376  NaN         
      75.09676  NaN         
      75.10976  NaN         
      75.12276  NaN         
      75.13577  NaN         
      75.14877  NaN         
      75.16177  NaN         
      75.17477  NaN         
      75.18777  NaN         
      75.20077  NaN         
      75.21377  NaN         
      75.22677  NaN         
      75.23976  NaN         
      75.25276  NaN         
      75.26576  NaN         
      75.27876  NaN         
      75.29176  NaN         
      75.30476  NaN         
      75.31776  NaN         
      75.33076  NaN         
      75.34377  NaN         
      75.35677  NaN         
      75.36977  NaN         
      75.38277  NaN         
      75.39577  NaN         
      75.40877  NaN         
      75.42177  NaN         
      75.43477  NaN         
      75.44776  NaN         
      75.46076  NaN         
      75.47376  NaN         
      75.48676  NaN         
      75.49976  NaN         
      75.51276  NaN         
      75.52576  NaN         
      75.53876  NaN         
      75.55177  NaN         
      75.56477  NaN         
      75.57777  NaN         
      75.59077  NaN         
      75.60377  NaN         
      75.61677  NaN         
      75.62977  NaN         
      75.64277  NaN         
      75.65576  NaN         
      75.66876  NaN         
      75.68176  NaN         
      75.69476  NaN         
      75.70776  NaN         
      75.72076  NaN         
      75.73376  NaN         
      75.74677  NaN         
      75.75977  NaN         
      75.77277  NaN         
      75.78577  NaN         
      75.79877  NaN         
      75.81177  NaN         
      75.82477  NaN         
      75.83777  NaN         
      75.85076  NaN         
      75.86376  NaN         
      75.87676  NaN         
      75.88976  NaN         
      75.90276  NaN         
      75.91576  NaN         
      75.92876  NaN         
      75.94176  NaN         
      75.95477  NaN         
      75.96777  NaN         
      75.98077  NaN         
      75.99377  NaN         
      76.00677  NaN         
      76.01977  NaN         
      76.03277  NaN         
      76.04577  NaN         
      76.05876  NaN         
      76.07176  NaN         
      76.08476  NaN         
      76.09776  NaN         
      76.11076  NaN         
      76.12376  NaN         
      76.13676  NaN         
      76.14977  NaN         
      76.16277  NaN         
      76.17577  NaN         
      76.18877  NaN         
      76.20177  NaN         
      76.21477  NaN         
      76.22777  NaN         
      76.24077  NaN         
      76.25377  NaN         
      76.26676  NaN         
      76.27976  NaN         
      76.29276  NaN         
      76.30576  NaN         
      76.31876  NaN         
      76.33176  NaN         
      76.34476  NaN         
      76.35777  NaN         
      76.37077  NaN         
      76.38377  NaN         
      76.39677  NaN         
      76.40977  NaN         
      76.42277  NaN         
      76.43577  NaN         
      76.44877  NaN         
      76.46176  NaN         
      76.47476  NaN         
      76.48776  NaN         
      76.50076  NaN         
      76.51376  NaN         
      76.52676  NaN         
      76.53976  NaN         
      76.55276  NaN         
      76.56577  NaN         
      76.57877  NaN         
      76.59177  NaN         
      76.60477  NaN         
      76.61777  NaN         
      76.63077  NaN         
      76.64377  NaN         
      76.65677  NaN         
      76.66976  NaN         
      76.68276  NaN         
      76.69576  NaN         
      76.70876  NaN         
      76.72176  NaN         
      76.73476  NaN         
      76.74776  NaN         
      76.76077  NaN         
      76.77377  NaN         
      76.78677  NaN         
      76.79977  NaN         
      76.81277  NaN         
      76.82577  NaN         
      76.83877  NaN         
      76.85177  NaN         
      76.86476  NaN         
      76.87776  NaN         
      76.89076  NaN         
      76.90376  NaN         
      76.91676  NaN         
      76.92976  NaN         
      76.94276  NaN         
      76.95576  NaN         
      76.96877  NaN         
      76.98177  NaN         
      76.99477  NaN         
      77.00777  NaN         
      77.02077  NaN         
      77.03377  NaN         
      77.04677  NaN         
      77.05977  NaN         
      77.07276  NaN         
      77.08576  NaN         
      77.09876  NaN         
      77.11176  NaN         
      77.12476  NaN         
      77.13776  NaN         
      77.15076  NaN         
      77.16376  NaN         
      77.17677  NaN         
      77.18977  NaN         
      77.20277  NaN         
      77.21577  NaN         
      77.22877  NaN         
      77.24177  NaN         
      77.25477  NaN         
      77.26777  NaN         
      77.28076  NaN         
      77.29376  NaN         
      77.30676  NaN         
      77.31976  NaN         
      77.33276  NaN         
      77.34576  NaN         
      77.35876  NaN         
      77.37177  NaN         
      77.38477  NaN         
      77.39777  NaN         
      77.41077  NaN         
      77.42377  NaN         
      77.43677  NaN         
      77.44977  NaN         
      77.46277  NaN         
      77.47576  NaN         
      77.48876  NaN         
      77.50176  NaN         
      77.51476  NaN         
      77.52776  NaN         
      77.54076  NaN         
      77.55376  NaN         
      77.56676  NaN         
      77.57977  NaN         
      77.59277  NaN         
      77.60577  NaN         
      77.61877  NaN         
      77.63177  NaN         
      77.64477  NaN         
      77.65777  NaN         
      77.67077  NaN         
      77.68376  NaN         
      77.69676  NaN         
      77.70976  NaN         
      77.72276  NaN         
      77.73576  NaN         
      77.74876  NaN         
      77.76176  NaN         
      77.77477  NaN         
      77.78777  NaN         
      77.80077  NaN         
      77.81377  NaN         
      77.82677  NaN         
      77.83977  NaN         
      77.85277  NaN         
      77.86577  NaN         
      77.87877  NaN         
      77.89176  NaN         
      77.90476  NaN         
      77.91776  NaN         
      77.93076  NaN         
      77.94376  NaN         
      77.95676  NaN         
      77.96976  NaN         
      77.98277  NaN         
      77.99577  NaN         
      78.00877  NaN         
      78.02177  NaN         
      78.03477  NaN         
      78.04777  NaN         
      78.06077  NaN         
      78.07377  NaN         
      78.08676  NaN         
      78.09976  NaN         
      78.11276  NaN         
      78.12576  NaN         
      78.13876  NaN         
      78.15176  NaN         
      78.16476  NaN         
      78.17776  NaN         
      78.19077  NaN         
      78.20377  NaN         
      78.21677  NaN         
      78.22977  NaN         
      78.24277  NaN         
      78.25577  NaN         
      78.26877  NaN         
      78.28177  NaN         
      78.29476  NaN         
      78.30776  NaN         
      78.32076  NaN         
      78.33376  NaN         
      78.34676  NaN         
      78.35976  NaN         
      78.37276  NaN         
      78.38577  NaN         
      78.39877  NaN         
      78.41177  NaN         
      78.42477  NaN         
      78.43777  NaN         
      78.45077  NaN         
      78.46377  NaN         
      78.47677  NaN         
      78.48976  NaN         
      78.50276  NaN         
      78.51576  NaN         
      78.52876  NaN         
      78.54176  NaN         
      78.55476  NaN         
      78.56776  NaN         
      78.58076  NaN         
      78.59377  NaN         
      78.60677  NaN         
