0.0 00
0.01 1
0.03 0
0.04 0
0.05 1
0.06 0
0.07 0
0.09 0
0.1 0
0.11 0
0.12 0
0.13 0
0.14 0
0.16 0
0.17 0
0.18 0
0.19 0
0.2 1
0.22 0
0.23 0
0.24 0
0.25 0
0.26 0
0.28 0
0.29 2
0.3 0
0.31 5
0.32 3
0.33 1
0.35 7
0.36 9
0.37 11
0.38 11
0.39 21
0.41 35
0.42 47
0.43 62
0.44 60
0.45 74
0.46 109
0.48 162
0.49 158
0.5 187
0.51 218
0.52 282
0.54 276
0.55 356
0.56 369
0.57 402
0.58 421
0.59 458
0.61 508
0.62 509
0.63 531
0.64 554
0.65 504
0.67 537
0.68 529
0.69 544
0.7 533
0.71 522
0.72 555
0.74 554
0.75 546
0.76 612
0.77 589
0.78 586
0.8 673
0.81 688
0.82 770
0.83 730
0.84 842
0.86 1023
0.87 1085
0.88 1351
0.89 1645
0.9 1674
0.91 1827
0.93 1690
0.94 1615
0.95 1389
0.96 1307
0.97 1127
0.99 969
1.0 872
1.01 875
1.02 850
1.03 795
1.04 915
1.06 898
1.07 896
1.08 902
1.09 842
1.1 859
1.12 837
1.13 853
1.14 848
1.15 825
1.16 854
1.17 837
1.19 853
1.2 889
1.21 817
1.22 769
1.23 830
1.25 816
1.26 814
1.27 793
1.28 816
1.29 751
1.3 768
1.32 811
1.33 705
1.34 801
1.35 782
1.36 834
1.38 856
1.39 912
1.4 849
1.41 931
1.42 951
1.43 1031
1.45 917
1.46 955
1.47 978
1.48 957
1.49 969
1.51 1000
1.52 905
1.53 888
1.54 906
1.55 902
1.57 928
1.58 849
1.59 836
1.6 877
1.61 880
1.62 920
1.64 884
1.65 999
1.66 986
1.67 1010
1.68 1026
1.7 1140
1.71 1259
1.72 1206
1.73 1270
1.74 1266
1.75 1275
1.77 1410
1.78 1453
1.79 1593
1.8 1691
1.81 1866
1.83 2218
1.84 2770
1.85 3452
1.86 4275
1.87 5646
1.88 6898
1.9 8128
1.91 9132
1.92 9437
1.93 9699
1.94 8784
1.96 8153
1.97 6910
1.98 5663
1.99 4556
2.0 3806
2.01 3007
2.03 2525
2.04 2259
2.05 2059
2.06 1965
2.07 1900
2.09 1850
2.1 1985
2.11 1946
2.12 2100
2.13 2097
2.15 2187
2.16 2264
2.17 2526
2.18 2684
2.19 3048
2.2 3327
2.22 3847
2.23 4279
2.24 4792
2.25 5370
2.26 5719
2.28 5959
2.29 6504
2.3 6561
2.31 6624
2.32 6607
2.33 6773
2.35 6714
2.36 6821
2.37 6778
2.38 6757
2.39 6453
2.41 6452
2.42 6370
2.43 6371
2.44 6389
2.45 6577
2.46 6871
2.48 7040
2.49 7242
2.5 7261
2.51 7466
2.52 7890
2.54 8114
2.55 8862
2.56 9787
2.57 11689
2.58 14645
2.59 19229
2.61 25733
2.62 33752
2.63 44211
2.64 54250
2.65 64188
2.67 72272
2.68 76596
2.69 76710
2.7 72381
2.71 64844
2.72 55100
2.74 45333
2.75 36627
2.76 29549
2.77 24693
2.78 21677
2.8 20717
2.81 19896
2.82 19901
2.83 19404
2.84 18429
2.86 17403
2.87 16038
2.88 14742
2.89 13683
2.9 13055
2.91 12814
2.93 12582
2.94 12135
2.95 11721
2.96 11333
2.97 10487
2.99 9547
3.0 8655
3.01 7457
3.02 6299
3.03 5500
3.04 4912
3.06 4392
3.07 3934
3.08 3913
3.09 3881
3.1 4034
3.12 4054
3.13 4308
3.14 4429
3.15 4495
3.16 4507
3.17 4521
3.19 4420
3.2 4334
3.21 4186
3.22 4101
3.23 4180
3.25 4167
3.26 4248
3.27 4326
3.28 4428
3.29 4606
3.3 4556
3.32 4663
3.33 4754
3.34 4673
3.35 4775
3.36 4786
3.38 4686
3.39 4569
3.4 4622
3.41 4876
3.42 5019
3.44 5218
3.45 5513
3.46 5852
3.47 6396
3.48 6920
3.49 7882
3.51 9164
3.52 11812
3.53 16216
3.54 23623
3.55 36085
3.57 55986
3.58 86670
3.59 131057
3.6 193779
3.61 273226
3.62 365629
3.64 467936
3.65 569443
3.66 657983
3.67 722148
3.68 750257
3.7 735755
3.71 688624
3.72 613133
3.73 510744
3.74 406939
3.75 308007
3.77 220353
3.78 151321
3.79 98117
3.8 61632
3.81 38560
3.83 23459
3.84 15374
3.85 11406
3.86 10220
3.87 11052
3.88 12933
3.9 16901
3.91 22872
3.92 30744
3.93 40852
3.94 52657
3.96 67177
3.97 80288
3.98 92004
3.99 102741
4.0 108790
4.01 110059
4.03 105010
4.04 95751
4.05 84393
4.06 69137
4.07 54451
4.09 41385
4.1 29346
4.11 20667
4.12 13894
4.13 8753
4.15 5671
4.16 3635
4.17 2459
4.18 1824
4.19 1540
4.2 1320
4.22 1233
4.23 1241
4.24 1170
4.25 1191
4.26 1286
4.28 1219
4.29 1211
4.3 1223
4.31 1189
4.32 1196
4.33 1228
4.35 1236
4.36 1146
4.37 1277
4.38 1238
4.39 1220
4.41 1293
4.42 1306
4.43 1302
4.44 1351
4.45 1337
4.46 1319
4.48 1317
4.49 1383
4.5 1354
4.51 1340
4.52 1323
4.54 1346
4.55 1373
4.56 1351
4.57 1392
4.58 1363
4.59 1374
4.61 1355
4.62 1302
4.63 1394
4.64 1481
4.65 1301
4.67 1375
4.68 1336
4.69 1389
4.7 1444
4.71 1323
4.73 1347
4.74 1417
4.75 1358
4.76 1347
4.77 1406
4.78 1344
4.8 1464
4.81 1464
4.82 1414
4.83 1372
4.84 1430
4.86 1420
4.87 1469
4.88 1366
4.89 1431
4.9 1442
4.91 1336
4.93 1348
4.94 1446
4.95 1379
4.96 1351
4.97 1352
4.99 1409
5.0 1354
5.01 1359
5.02 1370
5.03 1394
5.04 1338
5.06 1383
5.07 1385
5.08 1340
5.09 1278
5.1 1321
5.12 1346
5.13 1418
5.14 1338
5.15 1346
5.16 1375
5.17 1308
5.19 1304
5.2 1410
5.21 1351
5.22 1345
5.23 1343
5.25 1328
5.26 1315
5.27 1330
5.28 1367
5.29 1394
5.3 1291
5.32 1289
5.33 1276
5.34 1308
5.35 1404
5.36 1285
5.38 1353
5.39 1294
5.4 1315
5.41 1238
5.42 1339
5.44 1319
5.45 1331
5.46 1251
5.47 1302
5.48 1283
5.49 1341
5.51 1296
5.52 1340
5.53 1333
5.54 1301
5.55 1300
5.57 1315
5.58 1256
5.59 1266
5.6 1244
5.61 1298
5.62 1287
5.64 1140
5.65 1234
5.66 1265
5.67 1243
5.68 1269
5.7 1237
5.71 1258
5.72 1221
5.73 1223
5.74 1180
5.75 1245
5.77 1217
5.78 1216
5.79 1189
5.8 1082
5.81 1287
5.83 1132
5.84 1298
5.85 1184
5.86 1257
5.87 1245
5.88 1249
5.9 1254
5.91 1290
5.92 1227
5.93 1227
5.94 1207
5.96 1234
5.97 1265
5.98 1251
5.99 1216
6.0 1293
6.02 1250
6.03 1337
6.04 1287
6.05 1244
6.06 1251
6.07 1367
6.09 1286
6.1 1298
6.11 1363
6.12 1328
6.13 1348
6.15 1415
6.16 1367
6.17 1460
6.18 1404
6.19 1470
6.2 1451
6.22 1494
6.23 1572
6.24 1585
6.25 1532
6.26 1512
6.28 1574
6.29 1660
6.3 1609
6.31 1643
6.32 1709
6.33 1760
6.35 1789
6.36 1810
6.37 1806
6.38 1859
6.39 1802
6.41 1812
6.42 1778
6.43 1819
6.44 1674
6.45 1665
6.46 1602
6.48 1537
6.49 1553
6.5 1550
6.51 1471
6.52 1450
6.54 1389
6.55 1409
6.56 1371
6.57 1320
6.58 1447
6.59 1367
6.61 1364
6.62 1368
6.63 1395
6.64 1402
6.65 1483
6.67 1342
6.68 1383
6.69 1405
6.7 1270
6.71 1373
6.73 1393
6.74 1320
6.75 1355
6.76 1355
6.77 1407
6.78 1386
6.8 1322
6.81 1351
6.82 1408
6.83 1289
6.84 1327
6.86 1398
6.87 1383
6.88 1357
6.89 1364
6.9 1353
6.91 1402
6.93 1433
6.94 1471
6.95 1446
6.96 1543
6.97 1575
6.99 1660
7.0 1712
7.01 1689
7.02 1800
7.03 1822
7.04 1955
7.06 1999
7.07 2045
7.08 2067
7.09 2104
7.1 2251
7.12 2175
7.13 2229
7.14 2282
7.15 2346
7.16 2379
7.17 2375
7.19 2306
7.2 2450
7.21 2484
7.22 2471
7.23 2360
7.25 2620
7.26 2661
7.27 2691
7.28 2827
7.29 2850
7.31 2992
7.32 3222
7.33 3286
7.34 3276
7.35 3369
7.36 3402
7.38 3334
7.39 3323
7.4 3454
7.41 3286
7.42 3147
7.44 3063
7.45 2858
7.46 2800
7.47 2597
7.48 2386
7.49 2370
7.51 2184
7.52 2076
7.53 1968
7.54 1948
7.55 1905
7.57 1902
7.58 1877
7.59 1871
7.6 1826
7.61 1835
7.62 1903
7.64 1925
7.65 2021
7.66 1962
7.67 1947
7.68 1905
7.7 2013
7.71 2004
7.72 1871
7.73 1870
7.74 1844
7.75 1844
7.77 1819
7.78 1758
7.79 1676
7.8 1642
7.81 1644
7.83 1579
7.84 1547
7.85 1518
7.86 1502
7.87 1459
7.88 1504
7.9 1456
7.91 1453
7.92 1439
7.93 1450
7.94 1489
7.96 1421
7.97 1442
7.98 1511
7.99 1504
8.0 1471
8.02 1477
8.03 1468
8.04 1478
8.05 1496
8.06 1600
8.07 1528
8.09 1600
8.1 1541
8.11 1507
8.12 1570
8.13 1463
8.15 1436
8.16 1465
8.17 1445
8.18 1425
8.19 1410
8.2 1546
8.22 1474
8.23 1481
8.24 1465
8.25 1482
8.26 1419
8.28 1398
8.29 1516
8.3 1496
8.31 1533
8.32 1516
8.33 1520
8.35 1499
8.36 1560
8.37 1619
8.38 1632
8.39 1629
8.41 1714
8.42 1638
8.43 1660
8.44 1559
8.45 1632
8.46 1499
8.48 1481
8.49 1512
8.5 1500
8.51 1515
8.52 1392
8.54 1395
8.55 1392
8.56 1415
8.57 1378
8.58 1336
8.6 1333
8.61 1317
8.62 1307
8.63 1306
8.64 1367
8.65 1312
8.67 1353
8.68 1284
8.69 1331
8.7 1324
8.71 1280
8.73 1307
8.74 1252
8.75 1280
8.76 1272
8.77 1233
8.78 1235
8.8 1308
8.81 1241
8.82 1322
8.83 1292
8.84 1303
8.86 1302
8.87 1250
8.88 1309
8.89 1238
8.9 1284
8.91 1273
8.93 1196
8.94 1280
8.95 1284
8.96 1229
8.97 1239
8.99 1317
9.0 1264
9.01 1182
9.02 1240
9.03 1182
9.04 1218
9.06 1233
9.07 1270
9.08 1193
9.09 1298
9.1 1222
9.12 1280
9.13 1285
9.14 1203
9.15 1338
9.16 1232
9.17 1195
9.19 1201
9.2 1201
9.21 1219
9.22 1213
9.23 1250
9.25 1158
9.26 1198
9.27 1155
9.28 1288
9.29 1222
9.31 1253
9.32 1191
9.33 1242
9.34 1176
9.35 1206
9.36 1268
9.38 1245
9.39 1189
9.4 1128
9.41 1200
9.42 1264
9.44 1215
9.45 1294
9.46 1239
9.47 1272
9.48 1216
9.49 1209
9.51 1244
9.52 1162
9.53 1177
9.54 1254
9.55 1210
9.57 1228
9.58 1236
9.59 1165
9.6 1263
9.61 1271
9.62 1227
9.64 1295
9.65 1290
9.66 1289
9.67 1304
9.68 1278
9.7 1331
9.71 1214
9.72 1232
9.73 1246
9.74 1256
9.75 1281
9.77 1239
9.78 1258
9.79 1320
9.8 1187
9.81 1198
9.83 1220
9.84 1231
9.85 1159
9.86 1237
9.87 1168
9.89 1202
9.9 1167
9.91 1266
9.92 1146
9.93 1193
9.94 1185
9.96 1187
9.97 1248
9.98 1260
9.99 1220
10.0 1268
10.02 1177
10.03 1201
10.04 1252
10.05 1208
10.06 1154
10.07 1198
10.09 1094
10.1 1149
10.11 1143
10.12 1247
10.13 1155
10.15 1081
10.16 1141
10.17 1088
10.18 1170
10.19 1091
10.2 1166
10.22 1136
10.23 1091
10.24 1203
10.25 1162
10.26 1114
10.28 1185
10.29 1119
10.3 1115
10.31 1145
10.32 1185
10.33 1162
10.35 1181
10.36 1156
10.37 1128
10.38 1138
10.39 1156
10.41 1128
10.42 1182
10.43 1103
10.44 1129
10.45 1103
10.46 1128
10.48 1053
10.49 1136
10.5 1096
10.51 1124
10.52 1138
10.54 1155
10.55 1104
10.56 1151
10.57 1037
10.58 1139
10.6 1082
10.61 1098
10.62 1158
10.63 1103
10.64 1130
10.65 1091
10.67 1131
10.68 1102
10.69 1036
10.7 1112
10.71 1105
10.73 1091
10.74 1119
10.75 1072
10.76 1132
10.77 1092
10.78 1104
10.8 1119
10.81 1072
10.82 1073
10.83 1067
10.84 1103
10.86 1156
10.87 1100
10.88 1036
10.89 1078
10.9 1078
10.91 1076
10.93 1093
10.94 1049
10.95 1027
10.96 1098
10.97 1038
10.99 1018
11.0 1094
11.01 1103
11.02 1095
11.03 1022
11.04 1093
11.06 1022
11.07 1020
11.08 1034
11.09 1054
11.1 1028
11.12 1093
11.13 976
11.14 1065
11.15 1050
11.16 1068
11.18 1024
11.19 973
11.2 1061
11.21 1028
11.22 1051
11.23 1011
11.25 988
11.26 1008
11.27 978
11.28 1033
11.29 1053
11.31 1044
11.32 988
11.33 992
11.34 1033
11.35 1014
11.36 1011
11.38 996
11.39 978
11.4 970
11.41 945
11.42 973
11.44 961
11.45 1056
11.46 972
11.47 956
11.48 960
11.49 919
11.51 910
11.52 999
11.53 880
11.54 957
11.55 899
11.57 919
11.58 963
11.59 883
11.6 876
11.61 936
11.62 876
11.64 901
11.65 996
11.66 858
11.67 917
11.68 919
11.7 928
11.71 882
11.72 905
11.73 885
11.74 904
11.75 880
11.77 817
11.78 856
11.79 874
11.8 881
11.81 804
11.83 873
11.84 867
11.85 830
11.86 869
11.87 841
11.89 796
11.9 823
11.91 839
11.92 818
11.93 832
11.94 807
11.96 859
11.97 821
11.98 782
11.99 886
12.0 823
12.02 821
12.03 752
12.04 816
12.05 824
12.06 795
12.07 793
12.09 755
12.1 787
12.11 806
12.12 744
12.13 776
12.15 758
12.16 752
12.17 755
12.18 714
12.19 752
12.2 774
12.22 748
12.23 711
12.24 806
12.25 797
12.26 740
12.28 719
12.29 687
12.3 683
12.31 732
12.32 711
12.33 730
12.35 697
12.36 724
12.37 709
12.38 751
12.39 681
12.41 697
12.42 662
12.43 721
12.44 660
12.45 706
12.47 678
12.48 642
12.49 658
12.5 682
12.51 680
12.52 669
12.54 676
12.55 595
12.56 657
12.57 641
12.58 608
12.6 644
12.61 616
12.62 653
12.63 649
12.64 655
12.65 627
12.67 580
12.68 596
12.69 602
12.7 622
12.71 593
12.73 609
12.74 614
12.75 592
12.76 540
12.77 550
12.78 589
12.8 540
12.81 559
12.82 580
12.83 505
12.84 551
12.86 556
12.87 539
12.88 553
12.89 572
12.9 551
12.91 535
12.93 580
12.94 508
12.95 519
12.96 514
12.97 485
12.99 490
13.0 504
13.01 467
13.02 518
13.03 482
13.04 493
13.06 481
13.07 446
13.08 432
13.09 507
13.1 484
13.12 440
13.13 460
13.14 458
13.15 422
13.16 472
13.18 430
13.19 452
13.2 421
13.21 441
13.22 405
13.23 380
13.25 401
13.26 387
13.27 418
13.28 390
13.29 369
13.31 406
13.32 366
13.33 384
13.34 380
13.35 355
13.36 348
13.38 350
13.39 316
13.4 324
13.41 323
13.42 313
13.44 341
13.45 324
13.46 302
13.47 303
13.48 309
13.49 333
13.51 305
13.52 279
13.53 246
13.54 258
13.55 245
13.57 246
13.58 276
13.59 233
13.6 227
13.61 229
13.62 237
13.64 217
13.65 240
13.66 187
13.67 201
13.68 209
13.7 189
13.71 183
13.72 192
13.73 178
13.74 150
13.75 208
13.77 172
13.78 155
13.79 160
13.8 177
13.81 148
13.83 138
13.84 152
13.85 123
13.86 145
13.87 140
13.89 136
13.9 118
13.91 108
13.92 93
13.93 106
13.94 101
13.96 95
13.97 88
13.98 96
13.99 78
14.0 59
14.02 84
14.03 61
14.04 60
14.05 60
14.06 62
14.07 36
14.09 43
14.1 39
14.11 41
14.12 38
14.13 32
14.15 25
14.16 25
14.17 25
14.18 21
14.19 29
14.2 21
14.22 20
14.23 22
14.24 14
14.25 20
14.26 21
14.28 19
14.29 15
14.3 18
14.31 14
14.32 19
14.33 19
14.35 17
14.36 16
14.37 15
14.38 21
14.39 17
14.41 22
14.42 20
14.43 27
14.44 19
14.45 17
14.47 18
14.48 23
14.49 17
14.5 14
14.51 22
14.52 16
14.54 20
14.55 15
14.56 19
14.57 9
14.58 19
14.6 17
14.61 21
14.62 26
14.63 23
14.64 11
14.65 23
14.67 24
14.68 18
14.69 18
14.7 12
14.71 14
14.73 13
14.74 15
14.75 19
14.76 14
14.77 16
14.78 23
14.8 15
14.81 10
14.82 24
14.83 16
14.84 12
14.86 14
14.87 15
14.88 15
14.89 16
14.9 16
14.91 19
14.93 20
14.94 26
14.95 15
14.96 17
14.97 24
14.99 15
15.0 14
15.01 14
15.02 10
15.03 18
15.04 11
15.06 13
15.07 8
15.08 11
15.09 19
15.1 17
15.12 17
15.13 8
15.14 24
15.15 16
15.16 16
15.18 20
15.19 15
15.2 18
15.21 7
15.22 14
15.23 24
15.25 17
15.26 13
15.27 12
15.28 11
15.29 13
15.31 13
15.32 15
15.33 11
15.34 9
15.35 20
15.36 9
15.38 18
15.39 8
15.4 15
15.41 16
15.42 18
15.44 20
15.45 15
15.46 14
15.47 17
15.48 22
15.49 13
15.51 18
15.52 10
15.53 16
15.54 18
15.55 14
15.57 14
15.58 15
15.59 21
15.6 13
15.61 12
15.62 16
15.64 10
15.65 8
15.66 24
15.67 13
15.68 16
15.7 13
15.71 17
15.72 7
15.73 14
15.74 12
15.76 8
15.77 9
15.78 15
15.79 18
15.8 14
15.81 15
15.83 14
15.84 12
15.85 13
15.86 10
15.87 14
15.89 22
15.9 14
15.91 19
15.92 9
15.93 15
15.94 12
15.96 6
15.97 7
15.98 11
15.99 12
16.0 11
16.02 14
16.03 9
16.04 8
16.05 10
16.06 8
16.07 11
16.09 10
16.1 13
16.11 8
16.12 16
16.13 9
16.15 12
16.16 9
16.17 8
16.18 9
16.19 6
16.2 8
16.22 9
16.23 11
16.24 5
16.25 9
16.26 9
16.28 10
16.29 9
16.3 13
16.31 10
16.32 7
16.33 10
16.35 11
16.36 8
16.37 5
16.38 7
16.39 11
16.41 12
16.42 7
16.43 9
16.44 12
16.45 7
16.47 9
16.48 6
16.49 9
16.5 8
16.51 14
16.52 2
16.54 9
16.55 7
16.56 6
16.57 12
16.58 8
16.6 5
16.61 5
16.62 10
16.63 4
16.64 5
16.65 4
16.67 6
16.68 7
16.69 3
16.7 6
16.71 7
16.73 3
16.74 8
16.75 6
16.76 4
16.77 8
16.78 7
16.8 8
16.81 4
16.82 7
16.83 7
16.84 2
16.86 3
16.87 6
16.88 7
16.89 8
16.9 2
16.91 9
16.93 3
16.94 8
16.95 5
16.96 6
16.97 4
16.99 7
17.0 6
17.01 9
17.02 8
17.03 5
17.05 0
17.06 3
17.07 2
17.08 10
17.09 9
17.1 2
17.12 6
17.13 3
17.14 5
17.15 6
17.16 4
17.18 4
17.19 7
17.2 3
17.21 4
17.22 6
17.23 1
17.25 2
17.26 2
17.27 4
17.28 10
17.29 3
17.31 5
17.32 8
17.33 6
17.34 2
17.35 5
17.36 3
17.38 3
17.39 3
17.4 4
17.41 3
17.42 6
17.44 0
17.45 2
17.46 1
17.47 1
17.48 3
17.49 2
17.51 1
17.52 1
17.53 4
17.54 1
17.55 1
17.57 2
17.58 2
17.59 4
17.6 2
17.61 4
17.62 0
17.64 5
17.65 1
17.66 2
17.67 2
17.68 0
17.7 1
17.71 0
17.72 1
17.73 0
17.74 2
17.76 2
17.77 0
17.78 1
17.79 0
17.8 0
17.81 1
17.83 0
17.84 2
17.85 1
17.86 1
17.87 1
17.89 0
17.9 1
17.91 0
17.92 1
17.93 0
17.94 1
17.96 1
17.97 0
17.98 3
17.99 1
18.0 2
18.02 0
18.03 2
18.04 0
18.05 1
18.06 1
18.07 3
18.09 1
18.1 1
18.11 1
18.12 1
18.13 2
18.15 1
18.16 1
18.17 1
18.18 1
18.19 1
18.2 1
18.22 0
18.23 1
18.24 1
18.25 1
18.26 1
18.28 1
18.29 0
18.3 0
18.31 0
18.32 0
18.34 0
18.35 1
18.36 1
18.37 1
18.38 0
18.39 1
18.41 1
18.42 2
18.43 1
18.44 0
18.45 0
18.47 1
18.48 3
18.49 0
18.5 2
18.51 2
18.52 0
18.54 2
18.55 1
18.56 0
18.57 3
18.58 2
18.6 0
18.61 0
18.62 1
18.63 0
18.64 0
18.65 0
18.67 1
18.68 2
18.69 1
18.7 0
18.71 2
18.73 1
18.74 0
18.75 2
18.76 0
18.77 2
18.78 0
18.8 0
18.81 1
18.82 1
18.83 2
18.84 0
18.86 2
18.87 1
18.88 1
18.89 1
18.9 1
18.91 1
18.93 3
18.94 0
18.95 2
18.96 1
18.97 1
18.99 1
19.0 0
19.01 3
19.02 2
19.03 0
19.05 0
19.06 1
19.07 0
19.08 2
19.09 2
19.1 1
19.12 1
19.13 0
19.14 0
19.15 0
19.16 0
19.18 1
19.19 0
19.2 1
19.21 1
19.22 0
19.23 1
19.25 1
19.26 1
19.27 0
19.28 3
19.29 0
19.31 0
19.32 0
19.33 2
19.34 1
19.35 1
19.36 0
19.38 0
19.39 0
19.4 2
19.41 1
19.42 2
19.44 1
19.45 0
19.46 0
19.47 0
19.48 2
19.49 1
19.51 0
19.52 2
19.53 0
19.54 1
19.55 0
19.57 0
19.58 1
19.59 0
19.6 1
19.61 1
19.63 2
19.64 2
19.65 0
19.66 0
19.67 2
19.68 1
19.7 1
19.71 0
19.72 0
19.73 2
19.74 1
19.76 0
19.77 1
19.78 1
19.79 0
19.8 1
19.81 0
19.83 0
19.84 1
19.85 0
19.86 0
19.87 2
19.89 2
19.9 2
19.91 1
19.92 1
19.93 1
19.94 1
19.96 0
19.97 1
19.98 0
19.99 0
20.0 0
20.02 1
20.03 1
20.04 0
20.05 1
20.06 0
20.07 0
20.09 1
20.1 0
20.11 2
20.12 0
20.13 0
20.15 0
20.16 0
20.17 0
20.18 0
20.19 0
20.2 0
20.22 0
20.23 1
20.24 1
20.25 0
20.26 0
20.28 1
20.29 1
20.3 1
20.31 0
20.32 0
20.34 3
20.35 0
20.36 0
20.37 1
20.38 1
20.39 1
20.41 1
20.42 3
20.43 0
20.44 1
20.45 0
20.47 1
20.48 1
20.49 1
20.5 0
20.51 3
20.52 0
20.54 1
20.55 0
20.56 0
20.57 0
20.58 0
20.6 0
20.61 0
20.62 0
20.63 0
20.64 1
20.65 0
20.67 2
20.68 0
20.69 0
20.7 0
20.71 1
20.73 0
20.74 0
20.75 0
20.76 1
20.77 0
20.78 0
20.8 0
20.81 1
20.82 0
20.83 3
20.84 0
20.86 0
20.87 0
20.88 1
20.89 0
20.9 0
20.92 1
20.93 0
20.94 0
20.95 0
20.96 1
20.97 0
20.99 0
21.0 1
21.01 0
21.02 1
21.03 0
21.05 0
21.06 0
21.07 0
21.08 0
21.09 0
21.1 0
21.12 0
21.13 0
21.14 0
21.15 0
21.16 0
21.18 1
21.19 1
21.2 1
21.21 0
21.22 0
21.23 0
21.25 0
21.26 0
21.27 0
21.28 1
21.29 0
21.31 1
21.32 0
21.33 0
21.34 0
21.35 0
21.36 0
21.38 0
21.39 0
21.4 0
21.41 0
21.42 2
21.44 1
21.45 1
21.46 0
21.47 0
21.48 0
21.49 0
21.51 0
21.52 0
21.53 1
21.54 0
21.55 0
21.57 0
21.58 0
21.59 2
21.6 1
21.61 0
21.63 0
21.64 0
21.65 0
21.66 0
21.67 1
21.68 0
21.7 2
21.71 0
21.72 0
21.73 0
21.74 3
21.76 0
21.77 0
21.78 1
21.79 0
21.8 0
21.81 0
21.83 0
21.84 0
21.85 0
21.86 0
21.87 1
21.89 0
21.9 0
21.91 0
21.92 0
21.93 0
21.94 0
21.96 0
21.97 1
21.98 0
21.99 0
22.0 0
22.02 0
22.03 0
22.04 0
22.05 0
22.06 0
22.07 0
22.09 0
22.1 1
22.11 1
22.12 0
22.13 0
22.15 0
22.16 0
22.17 0
22.18 0
22.19 0
22.21 0
22.22 0
22.23 0
22.24 0
22.25 1
22.26 1
22.28 0
22.29 0
22.3 0
22.31 0
22.32 0
22.34 0
22.35 0
22.36 1
22.37 0
22.38 0
22.39 0
22.41 0
22.42 1
22.43 0
22.44 0
22.45 1
22.47 0
22.48 0
22.49 0
22.5 1
22.51 0
22.52 0
22.54 0
22.55 0
22.56 0
22.57 1
22.58 1
22.6 1
22.61 2
22.62 0
22.63 0
22.64 0
22.65 0
22.67 0
22.68 0
22.69 0
22.7 0
22.71 0
22.73 1
22.74 0
22.75 0
22.76 0
22.77 0
22.78 0
22.8 1
22.81 0
22.82 1
22.83 0
22.84 0
22.86 0
22.87 0
22.88 0
22.89 0
22.9 0
22.92 0
22.93 2
22.94 0
22.95 0
22.96 0
22.97 0
22.99 1
23.0 0
23.01 1
23.02 1
23.03 0
23.05 0
23.06 0
23.07 0
23.08 0
23.09 0
23.1 1
23.12 0
23.13 0
23.14 0
23.15 0
23.16 0
23.18 0
23.19 1
23.2 0
23.21 0
23.22 1
23.23 1
23.25 0
23.26 0
23.27 1
23.28 0
23.29 0
23.31 0
23.32 0
23.33 0
23.34 0
23.35 0
23.36 0
23.38 0
23.39 0
23.4 0
23.41 0
23.42 0
23.44 0
23.45 0
23.46 0
23.47 0
23.48 0
23.5 0
23.51 0
23.52 0
23.53 2
23.54 0
23.55 0
23.57 0
23.58 0
23.59 0
23.6 0
23.61 0
23.63 0
23.64 1
23.65 0
23.66 0
23.67 0
23.68 0
23.7 0
23.71 1
23.72 0
23.73 0
23.74 0
23.76 0
23.77 0
23.78 0
23.79 0
23.8 0
23.81 0
23.83 0
23.84 0
23.85 0
23.86 0
23.87 0
23.89 0
23.9 0
23.91 0
23.92 0
23.93 0
23.94 0
23.96 0
23.97 0
23.98 0
23.99 0
24.0 0
24.02 0
24.03 0
24.04 0
24.05 0
24.06 0
24.07 0
24.09 0
24.1 0
24.11 0
24.12 1
24.13 1
24.15 0
24.16 9
-0.02 1
-0.05 1
-0.03 1
-0.01 0
