0.0 00
0.01 1
0.03 0
0.04 0
0.05 0
0.06 0
0.07 0
0.09 0
0.1 0
0.11 0
0.12 0
0.13 0
0.14 0
0.16 0
0.17 0
0.18 0
0.19 0
0.2 0
0.22 0
0.23 0
0.24 0
0.25 0
0.26 2
0.27 0
0.29 3
0.3 0
0.31 3
0.32 1
0.33 4
0.35 4
0.36 11
0.37 12
0.38 16
0.39 26
0.4 42
0.42 43
0.43 66
0.44 92
0.45 95
0.46 129
0.48 140
0.49 178
0.5 207
0.51 246
0.52 262
0.54 323
0.55 374
0.56 409
0.57 412
0.58 441
0.59 509
0.61 502
0.62 505
0.63 498
0.64 499
0.65 553
0.67 550
0.68 571
0.69 556
0.7 556
0.71 506
0.72 578
0.74 604
0.75 567
0.76 613
0.77 585
0.78 628
0.8 579
0.81 673
0.82 717
0.83 776
0.84 872
0.85 1073
0.87 1148
0.88 1362
0.89 1563
0.9 1758
0.91 1749
0.93 1761
0.94 1619
0.95 1514
0.96 1255
0.97 1076
0.98 944
1.0 860
1.01 824
1.02 887
1.03 887
1.04 886
1.06 850
1.07 937
1.08 897
1.09 864
1.1 853
1.11 845
1.13 818
1.14 810
1.15 820
1.16 854
1.17 837
1.19 853
1.2 892
1.21 801
1.22 796
1.23 862
1.25 760
1.26 789
1.27 780
1.28 812
1.29 779
1.3 794
1.32 817
1.33 772
1.34 859
1.35 790
1.36 813
1.38 899
1.39 846
1.4 938
1.41 918
1.42 952
1.43 960
1.45 980
1.46 995
1.47 960
1.48 990
1.49 960
1.51 945
1.52 898
1.53 948
1.54 872
1.55 870
1.56 926
1.58 848
1.59 859
1.6 874
1.61 873
1.62 891
1.64 892
1.65 953
1.66 1030
1.67 1056
1.68 1070
1.69 1155
1.71 1208
1.72 1245
1.73 1274
1.74 1321
1.75 1277
1.77 1385
1.78 1408
1.79 1596
1.8 1700
1.81 1956
1.83 2241
1.84 2766
1.85 3437
1.86 4410
1.87 5408
1.88 6646
1.9 8049
1.91 8894
1.92 9584
1.93 9575
1.94 8897
1.96 7977
1.97 6862
1.98 5617
1.99 4475
2.0 3567
2.01 3052
2.03 2534
2.04 2216
2.05 2090
2.06 1926
2.07 1898
2.09 1941
2.1 1942
2.11 1898
2.12 2059
2.13 2079
2.14 2157
2.16 2191
2.17 2474
2.18 2603
2.19 2996
2.2 3346
2.22 3809
2.23 4328
2.24 4842
2.25 5203
2.26 5806
2.27 6219
2.29 6310
2.3 6620
2.31 6605
2.32 6680
2.33 6797
2.35 6794
2.36 6876
2.37 6736
2.38 6727
2.39 6708
2.4 6360
2.42 6418
2.43 6394
2.44 6349
2.45 6619
2.46 6652
2.48 6943
2.49 7329
2.5 7365
2.51 7450
2.52 7795
2.54 8090
2.55 8672
2.56 9893
2.57 11677
2.58 14490
2.59 19021
2.61 25828
2.62 33911
2.63 43849
2.64 54369
2.65 64046
2.67 72097
2.68 77060
2.69 77215
2.7 73304
2.71 65571
2.72 55452
2.74 45800
2.75 36875
2.76 29687
2.77 24944
2.78 22220
2.8 20796
2.81 19882
2.82 20135
2.83 19379
2.84 18765
2.85 17697
2.87 16143
2.88 14786
2.89 13672
2.9 13107
2.91 12541
2.93 12448
2.94 12093
2.95 11826
2.96 11244
2.97 10662
2.98 9691
3.0 8525
3.01 7363
3.02 6498
3.03 5512
3.04 4938
3.06 4305
3.07 4169
3.08 3975
3.09 3913
3.1 3949
3.12 4143
3.13 4249
3.14 4339
3.15 4473
3.16 4472
3.17 4464
3.19 4371
3.2 4157
3.21 4150
3.22 3986
3.23 4119
3.25 3998
3.26 4167
3.27 4267
3.28 4302
3.29 4448
3.3 4574
3.32 4728
3.33 4709
3.34 4652
3.35 4538
3.36 4537
3.38 4695
3.39 4652
3.4 4642
3.41 4803
3.42 4817
3.43 5182
3.45 5436
3.46 5660
3.47 5973
3.48 6788
3.49 7793
3.51 9508
3.52 11512
3.53 15596
3.54 23057
3.55 35117
3.56 54379
3.58 85035
3.59 128635
3.6 190447
3.61 267504
3.62 359693
3.64 461925
3.65 561877
3.66 650320
3.67 713809
3.68 743924
3.69 731917
3.71 686086
3.72 611937
3.73 512368
3.74 407580
3.75 309289
3.77 222618
3.78 152257
3.79 99538
3.8 62539
3.81 38371
3.83 23624
3.84 15585
3.85 11633
3.86 10087
3.87 10797
3.88 12766
3.9 16725
3.91 22370
3.92 30083
3.93 40025
3.94 52259
3.96 65697
3.97 79533
3.98 92350
3.99 102799
4.0 108754
4.01 108946
4.03 104647
4.04 96243
4.05 84382
4.06 70111
4.07 54767
4.09 41225
4.1 29898
4.11 20660
4.12 14087
4.13 8962
4.14 5667
4.16 3639
4.17 2515
4.18 1925
4.19 1511
4.2 1302
4.22 1244
4.23 1264
4.24 1189
4.25 1225
4.26 1188
4.27 1202
4.29 1239
4.3 1255
4.31 1268
4.32 1224
4.33 1249
4.35 1285
4.36 1355
4.37 1276
4.38 1272
4.39 1289
4.41 1280
4.42 1331
4.43 1336
4.44 1391
4.45 1356
4.46 1428
4.48 1395
4.49 1380
4.5 1368
4.51 1400
4.52 1351
4.54 1390
4.55 1337
4.56 1332
4.57 1318
4.58 1324
4.59 1305
4.61 1440
4.62 1374
4.63 1375
4.64 1472
4.65 1339
4.67 1257
4.68 1323
4.69 1384
4.7 1315
4.71 1372
4.72 1400
4.74 1429
4.75 1361
4.76 1382
4.77 1391
4.78 1334
4.8 1309
4.81 1461
4.82 1417
4.83 1480
4.84 1453
4.85 1429
4.87 1405
4.88 1394
4.89 1397
4.9 1394
4.91 1431
4.93 1382
4.94 1372
4.95 1364
4.96 1418
4.97 1387
4.98 1369
5.0 1359
5.01 1361
5.02 1381
5.03 1373
5.04 1332
5.06 1370
5.07 1429
5.08 1374
5.09 1395
5.1 1330
5.12 1444
5.13 1354
5.14 1442
5.15 1366
5.16 1313
5.17 1302
5.19 1370
5.2 1312
5.21 1402
5.22 1393
5.23 1383
5.25 1310
5.26 1385
5.27 1320
5.28 1374
5.29 1385
5.3 1330
5.32 1337
5.33 1363
5.34 1298
5.35 1350
5.36 1328
5.38 1328
5.39 1320
5.4 1325
5.41 1312
5.42 1291
5.43 1309
5.45 1323
5.46 1282
5.47 1324
5.48 1277
5.49 1367
5.51 1277
5.52 1253
5.53 1293
5.54 1310
5.55 1332
5.56 1315
5.58 1221
5.59 1287
5.6 1249
5.61 1281
5.62 1336
5.64 1272
5.65 1213
5.66 1219
5.67 1220
5.68 1245
5.7 1254
5.71 1255
5.72 1244
5.73 1246
5.74 1255
5.75 1263
5.77 1206
5.78 1203
5.79 1198
5.8 1272
5.81 1258
5.83 1221
5.84 1244
5.85 1219
5.86 1193
5.87 1236
5.88 1235
5.9 1221
5.91 1267
5.92 1217
5.93 1236
5.94 1215
5.96 1213
5.97 1272
5.98 1214
5.99 1281
6.0 1283
6.01 1294
6.03 1275
6.04 1284
6.05 1281
6.06 1355
6.07 1383
6.09 1371
6.1 1301
6.11 1352
6.12 1407
6.13 1369
6.14 1415
6.16 1399
6.17 1476
6.18 1364
6.19 1462
6.2 1520
6.22 1439
6.23 1538
6.24 1507
6.25 1516
6.26 1576
6.27 1613
6.29 1585
6.3 1630
6.31 1678
6.32 1651
6.33 1779
6.35 1759
6.36 1832
6.37 1863
6.38 1899
6.39 1897
6.41 1825
6.42 1768
6.43 1802
6.44 1747
6.45 1656
6.46 1643
6.48 1592
6.49 1535
6.5 1558
6.51 1470
6.52 1466
6.54 1444
6.55 1378
6.56 1356
6.57 1425
6.58 1321
6.59 1429
6.61 1392
6.62 1326
6.63 1298
6.64 1285
6.65 1424
6.67 1332
6.68 1334
6.69 1354
6.7 1311
6.71 1402
6.72 1447
6.74 1393
6.75 1367
6.76 1320
6.77 1385
6.78 1389
6.8 1360
6.81 1354
6.82 1364
6.83 1432
6.84 1375
6.85 1390
6.87 1313
6.88 1339
6.89 1424
6.9 1442
6.91 1366
6.93 1457
6.94 1464
6.95 1509
6.96 1547
6.97 1609
6.99 1739
7.0 1683
7.01 1750
7.02 1742
7.03 1844
7.04 1919
7.06 1932
7.07 2037
7.08 2021
7.09 2024
7.1 2103
7.12 2180
7.13 2316
7.14 2275
7.15 2279
7.16 2267
7.17 2272
7.19 2417
7.2 2399
7.21 2467
7.22 2513
7.23 2589
7.25 2593
7.26 2596
7.27 2696
7.28 2818
7.29 2829
7.3 3033
7.32 3117
7.33 3221
7.34 3256
7.35 3312
7.36 3293
7.38 3386
7.39 3416
7.4 3358
7.41 3192
7.42 3115
7.43 3149
7.45 2903
7.46 2745
7.47 2507
7.48 2472
7.49 2276
7.51 2199
7.52 2147
7.53 2024
7.54 2017
7.55 1884
7.56 1860
7.58 1849
7.59 1915
7.6 1861
7.61 1780
7.62 1794
7.64 1945
7.65 1884
7.66 1879
7.67 1909
7.68 1966
7.7 1968
7.71 1930
7.72 1975
7.73 1889
7.74 1856
7.75 1856
7.77 1807
7.78 1711
7.79 1690
7.8 1671
7.81 1634
7.83 1605
7.84 1466
7.85 1498
7.86 1417
7.87 1514
7.88 1478
7.9 1438
7.91 1439
7.92 1500
7.93 1449
7.94 1465
7.96 1431
7.97 1462
7.98 1520
7.99 1486
8.0 1529
8.01 1547
8.03 1466
8.04 1532
8.05 1515
8.06 1572
8.07 1619
8.09 1482
8.1 1466
8.11 1522
8.12 1486
8.13 1473
8.14 1478
8.16 1436
8.17 1480
8.18 1454
8.19 1449
8.2 1496
8.22 1471
8.23 1387
8.24 1428
8.25 1434
8.26 1491
8.28 1445
8.29 1538
8.3 1488
8.31 1509
8.32 1486
8.33 1580
8.35 1561
8.36 1569
8.37 1576
8.38 1628
8.39 1581
8.41 1556
8.42 1647
8.43 1721
8.44 1637
8.45 1650
8.46 1642
8.48 1613
8.49 1468
8.5 1496
8.51 1494
8.52 1397
8.54 1446
8.55 1374
8.56 1333
8.57 1388
8.58 1344
8.59 1297
8.61 1320
8.62 1350
8.63 1394
8.64 1365
8.65 1297
8.67 1317
8.68 1369
8.69 1316
8.7 1285
8.71 1303
8.72 1304
8.74 1313
8.75 1241
8.76 1307
8.77 1277
8.78 1325
8.8 1327
8.81 1274
8.82 1285
8.83 1250
8.84 1307
8.85 1257
8.87 1252
8.88 1253
8.89 1245
8.9 1221
8.91 1248
8.93 1201
8.94 1285
8.95 1241
8.96 1248
8.97 1196
8.99 1306
9.0 1268
9.01 1269
9.02 1288
9.03 1303
9.04 1223
9.06 1231
9.07 1231
9.08 1277
9.09 1230
9.1 1245
9.12 1263
9.13 1176
9.14 1220
9.15 1261
9.16 1300
9.17 1244
9.19 1323
9.2 1172
9.21 1198
9.22 1216
9.23 1283
9.25 1229
9.26 1253
9.27 1201
9.28 1170
9.29 1249
9.3 1196
9.32 1228
9.33 1212
9.34 1228
9.35 1286
9.36 1145
9.38 1235
9.39 1259
9.4 1205
9.41 1184
9.42 1234
9.43 1250
9.45 1265
9.46 1197
9.47 1272
9.48 1274
9.49 1242
9.51 1313
9.52 1256
9.53 1259
9.54 1311
9.55 1313
9.57 1225
9.58 1263
9.59 1240
9.6 1298
9.61 1234
9.62 1242
9.64 1262
9.65 1227
9.66 1294
9.67 1269
9.68 1340
9.7 1322
9.71 1290
9.72 1286
9.73 1241
9.74 1360
9.75 1286
9.77 1232
9.78 1249
9.79 1250
9.8 1194
9.81 1247
9.83 1218
9.84 1312
9.85 1204
9.86 1172
9.87 1237
9.88 1193
9.9 1192
9.91 1283
9.92 1158
9.93 1170
9.94 1235
9.96 1214
9.97 1251
9.98 1223
9.99 1207
10.0 1175
10.01 1147
10.03 1255
10.04 1244
10.05 1182
10.06 1251
10.07 1184
10.09 1184
10.1 1213
10.11 1183
10.12 1146
10.13 1176
10.14 1111
10.16 1086
10.17 1173
10.18 1169
10.19 1169
10.2 1095
10.22 1178
10.23 1126
10.24 1119
10.25 1099
10.26 1099
10.28 1150
10.29 1161
10.3 1127
10.31 1175
10.32 1099
10.33 1110
10.35 1074
10.36 1124
10.37 1105
10.38 1031
10.39 1026
10.41 1145
10.42 1114
10.43 1098
10.44 1138
10.45 1044
10.46 1140
10.48 1135
10.49 1108
10.5 1122
10.51 1139
10.52 1142
10.54 1075
10.55 1087
10.56 1211
10.57 1088
10.58 1162
10.59 1134
10.61 1093
10.62 1107
10.63 1144
10.64 1126
10.65 1083
10.67 1102
10.68 1156
10.69 1048
10.7 1121
10.71 1099
10.72 1086
10.74 1094
10.75 1136
10.76 1077
10.77 1059
10.78 1065
10.8 1067
10.81 1134
10.82 1099
10.83 1067
10.84 1170
10.86 1041
10.87 1098
10.88 1092
10.89 1059
10.9 1056
10.91 1139
10.93 1077
10.94 1060
10.95 991
10.96 1117
10.97 1061
10.99 1050
11.0 1056
11.01 1083
11.02 1115
11.03 1043
11.04 1017
11.06 1047
11.07 995
11.08 1050
11.09 1141
11.1 1039
11.12 1045
11.13 1055
11.14 1050
11.15 996
11.16 1057
11.17 1033
11.19 1092
11.2 1021
11.21 1019
11.22 1025
11.23 1085
11.25 1013
11.26 988
11.27 1016
11.28 967
11.29 1028
11.3 1053
11.32 938
11.33 958
11.34 1005
11.35 1047
11.36 976
11.38 991
11.39 958
11.4 1027
11.41 991
11.42 973
11.43 1020
11.45 1001
11.46 962
11.47 963
11.48 920
11.49 952
11.51 975
11.52 930
11.53 920
11.54 982
11.55 951
11.57 910
11.58 945
11.59 880
11.6 941
11.61 919
11.62 945
11.64 907
11.65 910
11.66 917
11.67 905
11.68 892
11.7 898
11.71 934
11.72 899
11.73 849
11.74 913
11.75 837
11.77 878
11.78 851
11.79 872
11.8 861
11.81 845
11.83 869
11.84 840
11.85 904
11.86 835
11.87 902
11.88 836
11.9 870
11.91 856
11.92 850
11.93 816
11.94 834
11.96 782
11.97 828
11.98 803
11.99 842
12.0 833
12.01 820
12.03 791
12.04 814
12.05 800
12.06 764
12.07 814
12.09 779
12.1 802
12.11 761
12.12 799
12.13 758
12.15 729
12.16 782
12.17 729
12.18 741
12.19 776
12.2 745
12.22 763
12.23 729
12.24 765
12.25 746
12.26 772
12.28 727
12.29 722
12.3 730
12.31 731
12.32 664
12.33 716
12.35 716
12.36 724
12.37 753
12.38 669
12.39 690
12.41 667
12.42 680
12.43 683
12.44 696
12.45 716
12.46 689
12.48 693
12.49 733
12.5 651
12.51 702
12.52 639
12.54 644
12.55 654
12.56 604
12.57 679
12.58 657
12.59 671
12.61 638
12.62 652
12.63 606
12.64 663
12.65 623
12.67 583
12.68 628
12.69 603
12.7 599
12.71 638
12.72 597
12.74 573
12.75 580
12.76 586
12.77 573
12.78 538
12.8 527
12.81 549
12.82 578
12.83 575
12.84 554
12.86 576
12.87 554
12.88 577
12.89 574
12.9 512
12.91 512
12.93 564
12.94 528
12.95 535
12.96 552
12.97 519
12.99 530
13.0 532
13.01 502
13.02 494
13.03 501
13.04 502
13.06 496
13.07 440
13.08 466
13.09 515
13.1 486
13.12 437
13.13 503
13.14 417
13.15 428
13.16 467
13.17 423
13.19 432
13.2 420
13.21 437
13.22 386
13.23 432
13.25 373
13.26 396
13.27 385
13.28 407
13.29 367
13.3 382
13.32 350
13.33 379
13.34 394
13.35 329
13.36 386
13.38 336
13.39 345
13.4 347
13.41 345
13.42 320
13.44 327
13.45 298
13.46 309
13.47 314
13.48 274
13.49 314
13.51 295
13.52 258
13.53 271
13.54 266
13.55 253
13.57 227
13.58 256
13.59 237
13.6 228
13.61 269
13.62 224
13.64 192
13.65 241
13.66 213
13.67 185
13.68 200
13.7 208
13.71 188
13.72 186
13.73 174
13.74 170
13.75 171
13.77 176
13.78 161
13.79 148
13.8 152
13.81 173
13.83 151
13.84 134
13.85 124
13.86 120
13.87 148
13.88 138
13.9 121
13.91 119
13.92 88
13.93 92
13.94 106
13.96 96
13.97 83
13.98 94
13.99 98
14.0 72
14.01 65
14.03 71
14.04 61
14.05 63
14.06 52
14.07 55
14.09 43
14.1 37
14.11 33
14.12 40
14.13 41
14.15 36
14.16 27
14.17 23
14.18 17
14.19 37
14.2 24
14.22 19
14.23 33
14.24 20
14.25 18
14.26 22
14.28 17
14.29 15
14.3 18
14.31 14
14.32 17
14.33 21
14.35 24
14.36 18
14.37 9
14.38 18
14.39 18
14.41 22
14.42 18
14.43 20
14.44 19
14.45 22
14.46 16
14.48 14
14.49 21
14.5 14
14.51 17
14.52 12
14.54 17
14.55 11
14.56 19
14.57 11
14.58 19
14.59 20
14.61 21
14.62 18
14.63 19
14.64 16
14.65 14
14.67 18
14.68 8
14.69 22
14.7 21
14.71 12
14.73 8
14.74 22
14.75 14
14.76 18
14.77 9
14.78 17
14.8 12
14.81 21
14.82 19
14.83 18
14.84 28
14.86 19
14.87 11
14.88 24
14.89 13
14.9 16
14.91 22
14.93 24
14.94 16
14.95 22
14.96 18
14.97 18
14.99 15
15.0 21
15.01 15
15.02 12
15.03 15
15.04 15
15.06 8
15.07 20
15.08 19
15.09 12
15.1 14
15.12 17
15.13 16
15.14 9
15.15 8
15.16 10
15.17 11
15.19 15
15.2 19
15.21 18
15.22 19
15.23 17
15.25 15
15.26 22
15.27 11
15.28 15
15.29 17
15.3 16
15.32 17
15.33 10
15.34 20
15.35 13
15.36 17
15.38 14
15.39 15
15.4 16
15.41 18
15.42 8
15.44 9
15.45 14
15.46 9
15.47 25
15.48 10
15.49 12
15.51 11
15.52 16
15.53 15
15.54 9
15.55 5
15.57 12
15.58 7
15.59 17
15.6 14
15.61 11
15.62 21
15.64 12
15.65 12
15.66 20
15.67 9
15.68 15
15.7 10
15.71 15
15.72 14
15.73 11
15.74 14
15.75 20
15.77 12
15.78 12
15.79 11
15.8 11
15.81 12
15.83 13
15.84 7
15.85 21
15.86 17
15.87 16
15.88 12
15.9 8
15.91 11
15.92 11
15.93 9
15.94 11
15.96 17
15.97 13
15.98 10
15.99 10
16.0 14
16.02 13
16.03 11
16.04 11
16.05 12
16.06 9
16.07 12
16.09 11
16.1 12
16.11 9
16.12 13
16.13 11
16.15 7
16.16 5
16.17 11
16.18 8
16.19 10
16.2 13
16.22 13
16.23 9
16.24 12
16.25 9
16.26 9
16.28 7
16.29 13
16.3 12
16.31 4
16.32 13
16.33 8
16.35 7
16.36 9
16.37 7
16.38 11
16.39 14
16.41 7
16.42 11
16.43 8
16.44 11
16.45 11
16.46 8
16.48 10
16.49 6
16.5 8
16.51 8
16.52 6
16.54 11
16.55 9
16.56 7
16.57 10
16.58 10
16.59 10
16.61 6
16.62 14
16.63 8
16.64 6
16.65 7
16.67 7
16.68 7
16.69 15
16.7 8
16.71 4
16.73 5
16.74 8
16.75 4
16.76 6
16.77 12
16.78 10
16.8 2
16.81 5
16.82 8
16.83 4
16.84 7
16.86 4
16.87 4
16.88 9
16.89 5
16.9 4
16.91 6
16.93 4
16.94 4
16.95 6
16.96 6
16.97 9
16.99 8
17.0 4
17.01 4
17.02 5
17.03 2
17.04 5
17.06 9
17.07 8
17.08 7
17.09 3
17.1 4
17.12 8
17.13 3
17.14 2
17.15 2
17.16 2
17.17 2
17.19 3
17.2 6
17.21 2
17.22 7
17.23 2
17.25 8
17.26 2
17.27 4
17.28 3
17.29 3
17.31 3
17.32 3
17.33 3
17.34 2
17.35 4
17.36 5
17.38 4
17.39 4
17.4 2
17.41 2
17.42 6
17.44 6
17.45 2
17.46 1
17.47 3
17.48 2
17.49 4
17.51 6
17.52 3
17.53 1
17.54 2
17.55 0
17.57 1
17.58 2
17.59 1
17.6 3
17.61 3
17.62 3
17.64 1
17.65 2
17.66 0
17.67 2
17.68 2
17.7 1
17.71 2
17.72 0
17.73 2
17.74 0
17.75 1
17.77 0
17.78 1
17.79 0
17.8 3
17.81 2
17.83 1
17.84 0
17.85 1
17.86 0
17.87 2
17.88 0
17.9 0
17.91 1
17.92 1
17.93 0
17.94 2
17.96 1
17.97 0
17.98 2
17.99 0
18.0 0
18.02 1
18.03 1
18.04 2
18.05 0
18.06 1
18.07 0
18.09 2
18.1 0
18.11 0
18.12 2
18.13 1
18.15 0
18.16 2
18.17 1
18.18 0
18.19 0
18.2 0
18.22 1
18.23 0
18.24 0
18.25 3
18.26 3
18.28 0
18.29 1
18.3 1
18.31 2
18.32 2
18.33 1
18.35 0
18.36 2
18.37 1
18.38 1
18.39 1
18.41 1
18.42 0
18.43 1
18.44 1
18.45 1
18.46 1
18.48 1
18.49 0
18.5 0
18.51 0
18.52 0
18.54 0
18.55 0
18.56 4
18.57 1
18.58 1
18.6 1
18.61 1
18.62 3
18.63 3
18.64 0
18.65 1
18.67 0
18.68 0
18.69 0
18.7 1
18.71 1
18.73 3
18.74 1
18.75 0
18.76 0
18.77 1
18.78 1
18.8 2
18.81 1
18.82 1
18.83 0
18.84 1
18.86 2
18.87 1
18.88 3
18.89 0
18.9 0
18.91 0
18.93 0
18.94 0
18.95 0
18.96 1
18.97 1
18.99 1
19.0 0
19.01 1
19.02 1
19.03 0
19.04 1
19.06 2
19.07 1
19.08 1
19.09 0
19.1 0
19.12 4
19.13 0
19.14 0
19.15 0
19.16 2
19.17 0
19.19 1
19.2 3
19.21 1
19.22 2
19.23 0
19.25 3
19.26 4
19.27 1
19.28 0
19.29 0
19.31 0
19.32 2
19.33 0
19.34 1
19.35 0
19.36 1
19.38 1
19.39 1
19.4 0
19.41 0
19.42 1
19.44 3
19.45 0
19.46 0
19.47 0
19.48 0
19.49 0
19.51 0
19.52 2
19.53 3
19.54 0
19.55 1
19.57 0
19.58 0
19.59 3
19.6 0
19.61 0
19.62 0
19.64 0
19.65 0
19.66 1
19.67 1
19.68 1
19.7 3
19.71 1
19.72 1
19.73 0
19.74 0
19.75 1
19.77 1
19.78 1
19.79 0
19.8 0
19.81 0
19.83 2
19.84 0
19.85 0
19.86 0
19.87 1
19.89 0
19.9 0
19.91 1
19.92 2
19.93 0
19.94 0
19.96 1
19.97 0
19.98 1
19.99 0
20.0 0
20.02 1
20.03 0
20.04 0
20.05 0
20.06 1
20.07 0
20.09 0
20.1 0
20.11 1
20.12 0
20.13 3
20.15 0
20.16 0
20.17 0
20.18 1
20.19 0
20.2 0
20.22 0
20.23 0
20.24 0
20.25 0
20.26 0
20.28 0
20.29 1
20.3 0
20.31 0
20.32 0
20.33 0
20.35 1
20.36 0
20.37 0
20.38 1
20.39 0
20.41 0
20.42 0
20.43 0
20.44 0
20.45 1
20.46 1
20.48 0
20.49 0
20.5 0
20.51 0
20.52 1
20.54 0
20.55 1
20.56 0
20.57 0
20.58 1
20.6 0
20.61 0
20.62 0
20.63 0
20.64 0
20.65 1
20.67 1
20.68 0
20.69 0
20.7 0
20.71 0
20.73 1
20.74 0
20.75 0
20.76 0
20.77 0
20.78 0
20.8 0
20.81 0
20.82 1
20.83 0
20.84 0
20.86 0
20.87 0
20.88 1
20.89 1
20.9 1
20.91 0
20.93 0
20.94 1
20.95 2
20.96 1
20.97 0
20.99 0
21.0 0
21.01 1
21.02 1
21.03 1
21.04 0
21.06 0
21.07 0
21.08 0
21.09 0
21.1 0
21.12 0
21.13 0
21.14 0
21.15 1
21.16 0
21.18 0
21.19 1
21.2 2
21.21 1
21.22 0
21.23 0
21.25 0
21.26 1
21.27 0
21.28 1
21.29 0
21.31 1
21.32 0
21.33 0
21.34 0
21.35 0
21.36 0
21.38 0
21.39 0
21.4 0
21.41 0
21.42 0
21.44 0
21.45 0
21.46 0
21.47 1
21.48 0
21.49 0
21.51 1
21.52 0
21.53 0
21.54 0
21.55 0
21.57 0
21.58 0
21.59 0
21.6 0
21.61 0
21.62 0
21.64 1
21.65 0
21.66 2
21.67 0
21.68 0
21.7 2
21.71 0
21.72 0
21.73 1
21.74 0
21.75 0
21.77 1
21.78 1
21.79 0
21.8 1
21.81 1
21.83 0
21.84 0
21.85 0
21.86 0
21.87 0
21.89 0
21.9 0
21.91 1
21.92 0
21.93 0
21.94 1
21.96 0
21.97 2
21.98 1
21.99 1
22.0 0
22.02 0
22.03 2
22.04 1
22.05 1
22.06 0
22.07 0
22.09 0
22.1 0
22.11 0
22.12 0
22.13 0
22.15 0
22.16 0
22.17 0
22.18 0
22.19 0
22.2 0
22.22 0
22.23 0
22.24 0
22.25 0
22.26 0
22.28 0
22.29 0
22.3 1
22.31 0
22.32 0
22.33 0
22.35 1
22.36 0
22.37 0
22.38 1
22.39 0
22.41 0
22.42 1
22.43 0
22.44 1
22.45 0
22.47 0
22.48 1
22.49 2
22.5 0
22.51 1
22.52 0
22.54 0
22.55 0
22.56 1
22.57 0
22.58 0
22.6 1
22.61 3
22.62 0
22.63 0
22.64 0
22.65 1
22.67 0
22.68 0
22.69 1
22.7 0
22.71 0
22.73 0
22.74 1
22.75 0
22.76 1
22.77 1
22.78 0
22.8 0
22.81 0
22.82 0
22.83 1
22.84 0
22.86 0
22.87 1
22.88 0
22.89 0
22.9 0
22.91 0
22.93 0
22.94 0
22.95 0
22.96 0
22.97 0
22.99 0
23.0 0
23.01 0
23.02 0
23.03 1
23.04 0
23.06 0
23.07 0
23.08 0
23.09 0
23.1 0
23.12 0
23.13 0
23.14 0
23.15 0
23.16 0
23.18 0
23.19 0
23.2 0
23.21 0
23.22 1
23.23 0
23.25 1
23.26 0
23.27 0
23.28 0
23.29 0
23.31 2
23.32 0
23.33 1
23.34 0
23.35 0
23.36 0
23.38 0
23.39 0
23.4 0
23.41 0
23.42 1
23.44 0
23.45 0
23.46 0
23.47 1
23.48 0
23.49 1
23.51 0
23.52 0
23.53 0
23.54 0
23.55 1
23.57 0
23.58 0
23.59 1
23.6 0
23.61 0
23.62 0
23.64 0
23.65 0
23.66 0
23.67 0
23.68 0
23.7 0
23.71 0
23.72 0
23.73 0
23.74 0
23.76 0
23.77 0
23.78 0
23.79 1
23.8 0
23.81 0
23.83 0
23.84 0
23.85 0
23.86 1
23.87 0
23.89 3
23.9 1
23.91 0
23.92 0
23.93 0
23.94 0
23.96 0
23.97 0
23.98 0
23.99 0
24.0 1
24.02 0
24.03 0
24.04 1
24.05 0
24.06 1
24.07 0
24.09 1
24.1 0
24.11 0
24.12 0
24.13 0
24.15 0
24.16 13
-0.02 0
-0.05 1
-0.03 0
-0.01 0
