0.0 11
0.01 1
0.03 0
0.04 0
0.05 0
0.06 0
0.07 0
0.09 0
0.1 0
0.11 0
0.12 0
0.13 0
0.14 0
0.16 0
0.17 0
0.18 0
0.19 0
0.2 0
0.22 0
0.23 0
0.24 1
0.25 0
0.26 2
0.27 1
0.29 1
0.3 1
0.31 3
0.32 2
0.33 4
0.35 3
0.36 7
0.37 17
0.38 15
0.39 24
0.4 35
0.42 34
0.43 52
0.44 70
0.45 84
0.46 118
0.48 132
0.49 178
0.5 194
0.51 215
0.52 249
0.53 303
0.55 348
0.56 353
0.57 426
0.58 444
0.59 453
0.61 462
0.62 481
0.63 509
0.64 480
0.65 542
0.67 538
0.68 524
0.69 538
0.7 529
0.71 592
0.72 556
0.74 590
0.75 548
0.76 554
0.77 570
0.78 556
0.8 609
0.81 666
0.82 738
0.83 769
0.84 880
0.85 1035
0.87 1093
0.88 1373
0.89 1555
0.9 1768
0.91 1695
0.93 1704
0.94 1556
0.95 1358
0.96 1183
0.97 1035
0.98 908
1.0 827
1.01 847
1.02 872
1.03 812
1.04 909
1.06 882
1.07 873
1.08 853
1.09 819
1.1 857
1.11 810
1.13 777
1.14 771
1.15 806
1.16 822
1.17 785
1.19 800
1.2 876
1.21 765
1.22 827
1.23 816
1.24 784
1.26 780
1.27 795
1.28 808
1.29 784
1.3 767
1.32 812
1.33 801
1.34 764
1.35 811
1.36 859
1.38 804
1.39 849
1.4 861
1.41 822
1.42 975
1.43 952
1.45 1002
1.46 974
1.47 1003
1.48 970
1.49 944
1.51 942
1.52 881
1.53 906
1.54 887
1.55 860
1.56 881
1.58 882
1.59 858
1.6 886
1.61 888
1.62 943
1.64 914
1.65 962
1.66 962
1.67 994
1.68 1090
1.69 1153
1.71 1150
1.72 1202
1.73 1231
1.74 1324
1.75 1272
1.77 1296
1.78 1365
1.79 1547
1.8 1626
1.81 1865
1.82 2128
1.84 2686
1.85 3380
1.86 4264
1.87 5320
1.88 6640
1.9 7701
1.91 8839
1.92 9259
1.93 9351
1.94 8445
1.96 7961
1.97 6708
1.98 5510
1.99 4362
2.0 3476
2.01 2936
2.03 2389
2.04 2204
2.05 1977
2.06 1979
2.07 1887
2.09 1903
2.1 1841
2.11 1922
2.12 2032
2.13 2204
2.14 2237
2.16 2278
2.17 2494
2.18 2692
2.19 2956
2.2 3363
2.22 3859
2.23 4400
2.24 5002
2.25 5516
2.26 5987
2.27 6493
2.29 6755
2.3 6908
2.31 7069
2.32 7056
2.33 7149
2.35 7003
2.36 6969
2.37 6833
2.38 6745
2.39 6697
2.4 6446
2.42 6305
2.43 6314
2.44 6441
2.45 6684
2.46 6644
2.48 7075
2.49 7359
2.5 7523
2.51 7497
2.52 7830
2.54 8077
2.55 8661
2.56 9543
2.57 11386
2.58 14361
2.59 18755
2.61 25096
2.62 33239
2.63 43103
2.64 53624
2.65 63585
2.67 71436
2.68 75191
2.69 76332
2.7 72169
2.71 64391
2.72 54925
2.74 45082
2.75 36216
2.76 28699
2.77 23935
2.78 21134
2.8 20274
2.81 19784
2.82 19777
2.83 19005
2.84 18295
2.85 17117
2.87 16003
2.88 14677
2.89 13518
2.9 13015
2.91 12653
2.93 12386
2.94 11851
2.95 11773
2.96 11086
2.97 10459
2.98 9522
3.0 8524
3.01 7380
3.02 6278
3.03 5428
3.04 4769
3.06 4236
3.07 3961
3.08 3783
3.09 3911
3.1 3851
3.12 4074
3.13 4074
3.14 4338
3.15 4334
3.16 4343
3.17 4334
3.19 4397
3.2 4120
3.21 4131
3.22 4108
3.23 4175
3.25 4062
3.26 4078
3.27 4228
3.28 4286
3.29 4404
3.3 4466
3.32 4449
3.33 4741
3.34 4578
3.35 4502
3.36 4473
3.38 4501
3.39 4494
3.4 4535
3.41 4672
3.42 4852
3.43 5015
3.45 5322
3.46 5582
3.47 6003
3.48 6590
3.49 7628
3.51 8881
3.52 11365
3.53 15220
3.54 22013
3.55 34381
3.56 53017
3.58 82117
3.59 124977
3.6 184874
3.61 260209
3.62 350982
3.64 449957
3.65 547563
3.66 633778
3.67 695796
3.68 725442
3.7 713672
3.71 666590
3.72 595387
3.73 496889
3.74 395488
3.75 299211
3.77 214736
3.78 146339
3.79 95286
3.8 59986
3.81 36638
3.83 22761
3.84 14989
3.85 11131
3.86 9739
3.87 10302
3.88 12468
3.9 16419
3.91 21793
3.92 29520
3.93 38830
3.94 50859
3.96 63749
3.97 77011
3.98 89969
3.99 99654
4.0 105384
4.01 106807
4.03 101729
4.04 93732
4.05 82116
4.06 67607
4.07 53207
4.09 40655
4.1 29008
4.11 19776
4.12 13515
4.13 8712
4.14 5499
4.16 3605
4.17 2371
4.18 1794
4.19 1510
4.2 1298
4.22 1243
4.23 1249
4.24 1160
4.25 1186
4.26 1247
4.28 1156
4.29 1249
4.3 1238
4.31 1241
4.32 1272
4.33 1314
4.35 1264
4.36 1222
4.37 1237
4.38 1308
4.39 1292
4.41 1246
4.42 1292
4.43 1300
4.44 1352
4.45 1397
4.46 1364
4.48 1417
4.49 1407
4.5 1405
4.51 1310
4.52 1350
4.54 1309
4.55 1356
4.56 1452
4.57 1374
4.58 1355
4.59 1335
4.61 1314
4.62 1328
4.63 1372
4.64 1337
4.65 1333
4.67 1408
4.68 1358
4.69 1312
4.7 1404
4.71 1398
4.72 1407
4.74 1313
4.75 1421
4.76 1374
4.77 1341
4.78 1399
4.8 1414
4.81 1414
4.82 1422
4.83 1382
4.84 1436
4.86 1474
4.87 1458
4.88 1380
4.89 1412
4.9 1424
4.91 1439
4.93 1392
4.94 1367
4.95 1349
4.96 1368
4.97 1383
4.99 1388
5.0 1415
5.01 1414
5.02 1362
5.03 1353
5.04 1420
5.06 1385
5.07 1352
5.08 1377
5.09 1334
5.1 1333
5.12 1373
5.13 1402
5.14 1423
5.15 1357
5.16 1369
5.17 1332
5.19 1369
5.2 1392
5.21 1433
5.22 1329
5.23 1330
5.25 1354
5.26 1378
5.27 1288
5.28 1297
5.29 1332
5.3 1303
5.32 1334
5.33 1332
5.34 1329
5.35 1313
5.36 1246
5.38 1329
5.39 1318
5.4 1296
5.41 1300
5.42 1311
5.44 1256
5.45 1310
5.46 1308
5.47 1294
5.48 1285
5.49 1222
5.51 1260
5.52 1281
5.53 1238
5.54 1315
5.55 1270
5.57 1348
5.58 1300
5.59 1224
5.6 1301
5.61 1217
5.62 1262
5.64 1296
5.65 1256
5.66 1204
5.67 1204
5.68 1255
5.7 1197
5.71 1181
5.72 1207
5.73 1246
5.74 1131
5.75 1239
5.77 1171
5.78 1232
5.79 1189
5.8 1267
5.81 1244
5.83 1257
5.84 1135
5.85 1239
5.86 1199
5.87 1179
5.88 1133
5.9 1323
5.91 1193
5.92 1263
5.93 1252
5.94 1221
5.96 1314
5.97 1210
5.98 1314
5.99 1290
6.0 1266
6.01 1258
6.03 1318
6.04 1294
6.05 1265
6.06 1301
6.07 1329
6.09 1283
6.1 1320
6.11 1324
6.12 1323
6.13 1369
6.15 1433
6.16 1342
6.17 1471
6.18 1466
6.19 1428
6.2 1537
6.22 1424
6.23 1541
6.24 1466
6.25 1498
6.26 1559
6.28 1566
6.29 1635
6.3 1564
6.31 1729
6.32 1638
6.33 1700
6.35 1673
6.36 1808
6.37 1785
6.38 1828
6.39 1784
6.41 1738
6.42 1841
6.43 1716
6.44 1682
6.45 1706
6.46 1622
6.48 1582
6.49 1477
6.5 1501
6.51 1425
6.52 1441
6.54 1407
6.55 1384
6.56 1306
6.57 1350
6.58 1355
6.59 1325
6.61 1329
6.62 1400
6.63 1383
6.64 1342
6.65 1368
6.67 1334
6.68 1408
6.69 1387
6.7 1394
6.71 1357
6.73 1365
6.74 1316
6.75 1352
6.76 1333
6.77 1335
6.78 1277
6.8 1312
6.81 1370
6.82 1367
6.83 1386
6.84 1385
6.86 1383
6.87 1322
6.88 1300
6.89 1370
6.9 1402
6.91 1452
6.93 1445
6.94 1389
6.95 1396
6.96 1464
6.97 1533
6.99 1535
7.0 1686
7.01 1679
7.02 1743
7.03 1748
7.04 1872
7.06 1896
7.07 2051
7.08 1999
7.09 2077
7.1 2097
7.12 2138
7.13 2099
7.14 2066
7.15 2124
7.16 2153
7.17 2245
7.19 2271
7.2 2404
7.21 2367
7.22 2263
7.23 2341
7.25 2504
7.26 2534
7.27 2639
7.28 2760
7.29 2853
7.31 2826
7.32 3011
7.33 3029
7.34 3165
7.35 3186
7.36 3172
7.38 3260
7.39 3378
7.4 3308
7.41 3072
7.42 3075
7.44 2926
7.45 2672
7.46 2617
7.47 2530
7.48 2340
7.49 2230
7.51 2197
7.52 2106
7.53 1887
7.54 1919
7.55 1854
7.57 1927
7.58 1832
7.59 1792
7.6 1767
7.61 1840
7.62 1863
7.64 1873
7.65 1916
7.66 1879
7.67 1863
7.68 1909
7.7 1933
7.71 1827
7.72 1821
7.73 1925
7.74 1796
7.75 1713
7.77 1700
7.78 1686
7.79 1667
7.8 1634
7.81 1617
7.83 1502
7.84 1563
7.85 1439
7.86 1472
7.87 1450
7.89 1456
7.9 1529
7.91 1437
7.92 1391
7.93 1476
7.94 1396
7.96 1446
7.97 1399
7.98 1485
7.99 1471
8.0 1521
8.02 1450
8.03 1480
8.04 1538
8.05 1511
8.06 1569
8.07 1517
8.09 1508
8.1 1461
8.11 1525
8.12 1530
8.13 1501
8.15 1494
8.16 1391
8.17 1416
8.18 1434
8.19 1369
8.2 1449
8.22 1365
8.23 1428
8.24 1431
8.25 1431
8.26 1426
8.28 1515
8.29 1477
8.3 1452
8.31 1518
8.32 1515
8.33 1432
8.35 1458
8.36 1562
8.37 1540
8.38 1605
8.39 1607
8.41 1577
8.42 1622
8.43 1635
8.44 1587
8.45 1556
8.47 1528
8.48 1497
8.49 1489
8.5 1475
8.51 1409
8.52 1447
8.54 1413
8.55 1396
8.56 1354
8.57 1290
8.58 1308
8.6 1308
8.61 1204
8.62 1276
8.63 1298
8.64 1315
8.65 1288
8.67 1275
8.68 1280
8.69 1270
8.7 1267
8.71 1237
8.73 1223
8.74 1277
8.75 1320
8.76 1284
8.77 1227
8.78 1272
8.8 1239
8.81 1266
8.82 1228
8.83 1228
8.84 1237
8.86 1218
8.87 1238
8.88 1230
8.89 1216
8.9 1206
8.91 1240
8.93 1247
8.94 1239
8.95 1210
8.96 1259
8.97 1211
8.99 1200
9.0 1187
9.01 1236
9.02 1275
9.03 1217
9.05 1188
9.06 1157
9.07 1241
9.08 1188
9.09 1207
9.1 1173
9.12 1201
9.13 1246
9.14 1217
9.15 1188
9.16 1198
9.18 1175
9.19 1164
9.2 1185
9.21 1136
9.22 1211
9.23 1196
9.25 1202
9.26 1215
9.27 1228
9.28 1197
9.29 1209
9.31 1151
9.32 1165
9.33 1181
9.34 1197
9.35 1199
9.36 1187
9.38 1173
9.39 1222
9.4 1152
9.41 1198
9.42 1165
9.44 1194
9.45 1251
9.46 1183
9.47 1170
9.48 1157
9.49 1163
9.51 1251
9.52 1256
9.53 1194
9.54 1195
9.55 1218
9.57 1208
9.58 1245
9.59 1233
9.6 1196
9.61 1284
9.63 1273
9.64 1199
9.65 1270
9.66 1267
9.67 1254
9.68 1309
9.7 1290
9.71 1298
9.72 1233
9.73 1293
9.74 1237
9.76 1217
9.77 1226
9.78 1258
9.79 1201
9.8 1255
9.81 1196
9.83 1166
9.84 1216
9.85 1191
9.86 1184
9.87 1191
9.89 1226
9.9 1172
9.91 1220
9.92 1206
9.93 1162
9.94 1181
9.96 1187
9.97 1207
9.98 1193
9.99 1171
10.0 1168
10.02 1198
10.03 1251
10.04 1168
10.05 1186
10.06 1221
10.07 1177
10.09 1104
10.1 1112
10.11 1121
10.12 1128
10.13 1183
10.15 1150
10.16 1146
10.17 1103
10.18 1137
10.19 1134
10.21 1131
10.22 1075
10.23 1125
10.24 1093
10.25 1127
10.26 1155
10.28 1129
10.29 1117
10.3 1083
10.31 1060
10.32 1090
10.34 1127
10.35 1082
10.36 1150
10.37 1124
10.38 1144
10.39 1134
10.41 1130
10.42 1084
10.43 1148
10.44 1080
10.45 1064
10.47 1091
10.48 1040
10.49 1103
10.5 1147
10.51 1122
10.52 1103
10.54 1083
10.55 1092
10.56 1059
10.57 1043
10.58 1079
10.6 1071
10.61 1101
10.62 1101
10.63 1081
10.64 1031
10.65 1035
10.67 1121
10.68 1017
10.69 1141
10.7 1073
10.71 1057
10.73 1030
10.74 1047
10.75 1079
10.76 1040
10.77 1059
10.78 1025
10.8 1041
10.81 1062
10.82 1058
10.83 1105
10.84 1089
10.86 1038
10.87 1064
10.88 1024
10.89 1063
10.9 1021
10.92 1034
10.93 1059
10.94 1133
10.95 1006
10.96 1054
10.97 1034
10.99 1060
11.0 1008
11.01 1044
11.02 1082
11.03 1057
11.05 1063
11.06 1066
11.07 1040
11.08 984
11.09 990
11.1 995
11.12 1006
11.13 996
11.14 1045
11.15 981
11.16 986
11.18 987
11.19 965
11.2 1008
11.21 1004
11.22 993
11.23 967
11.25 1012
11.26 1028
11.27 964
11.28 1003
11.29 987
11.31 1003
11.32 958
11.33 955
11.34 1005
11.35 983
11.36 1012
11.38 968
11.39 951
11.4 1013
11.41 952
11.42 907
11.44 897
11.45 933
11.46 950
11.47 923
11.48 914
11.5 1025
11.51 890
11.52 882
11.53 939
11.54 946
11.55 936
11.57 901
11.58 915
11.59 889
11.6 850
11.61 885
11.63 892
11.64 866
11.65 944
11.66 852
11.67 886
11.68 904
11.7 895
11.71 815
11.72 888
11.73 868
11.74 874
11.76 837
11.77 846
11.78 847
11.79 866
11.8 840
11.81 779
11.83 819
11.84 851
11.85 836
11.86 788
11.87 798
11.89 847
11.9 842
11.91 843
11.92 770
11.93 886
11.94 850
11.96 782
11.97 801
11.98 786
11.99 794
12.0 813
12.02 815
12.03 804
12.04 820
12.05 768
12.06 790
12.08 788
12.09 754
12.1 757
12.11 719
12.12 759
12.13 725
12.15 734
12.16 767
12.17 785
12.18 770
12.19 743
12.21 712
12.22 710
12.23 722
12.24 713
12.25 770
12.26 717
12.28 733
12.29 708
12.3 762
12.31 681
12.32 642
12.34 721
12.35 703
12.36 718
12.37 680
12.38 710
12.39 725
12.41 664
12.42 680
12.43 670
12.44 734
12.45 709
12.47 646
12.48 675
12.49 654
12.5 676
12.51 667
12.52 594
12.54 685
12.55 651
12.56 627
12.57 647
12.58 616
12.6 645
12.61 627
12.62 596
12.63 604
12.64 624
12.66 610
12.67 592
12.68 584
12.69 611
12.7 608
12.71 570
12.73 583
12.74 581
12.75 564
12.76 590
12.77 635
12.79 520
12.8 554
12.81 527
12.82 526
12.83 535
12.84 565
12.86 519
12.87 509
12.88 559
12.89 558
12.9 492
12.92 520
12.93 498
12.94 526
12.95 509
12.96 506
12.97 552
12.99 495
13.0 474
13.01 452
13.02 500
13.03 484
13.05 478
13.06 481
13.07 474
13.08 442
13.09 427
13.1 431
13.12 450
13.13 424
13.14 418
13.15 430
13.16 402
13.18 448
13.19 434
13.2 435
13.21 409
13.22 425
13.24 436
13.25 412
13.26 399
13.27 387
13.28 379
13.29 377
13.31 391
13.32 369
13.33 363
13.34 373
13.35 338
13.37 370
13.38 340
13.39 331
13.4 335
13.41 333
13.42 323
13.44 311
13.45 280
13.46 324
13.47 280
13.48 279
13.5 284
13.51 258
13.52 282
13.53 289
13.54 252
13.55 264
13.57 266
13.58 219
13.59 229
13.6 218
13.61 246
13.63 232
13.64 218
13.65 226
13.66 230
13.67 218
13.68 190
13.7 182
13.71 180
13.72 205
13.73 164
13.74 167
13.76 157
13.77 161
13.78 163
13.79 162
13.8 165
13.82 144
13.83 129
13.84 124
13.85 155
13.86 135
13.87 110
13.89 121
13.9 112
13.91 121
13.92 118
13.93 91
13.95 104
13.96 97
13.97 85
13.98 86
13.99 99
14.0 68
14.02 67
14.03 57
14.04 53
14.05 52
14.06 63
14.08 62
14.09 29
14.1 37
14.11 31
14.12 37
14.13 33
14.15 26
14.16 23
14.17 21
14.18 24
14.19 18
14.21 13
14.22 24
14.23 17
14.24 16
14.25 25
14.26 15
14.28 26
14.29 19
14.3 19
14.31 11
14.32 14
14.34 13
14.35 16
14.36 24
14.37 18
14.38 22
14.4 11
14.41 20
14.42 13
14.43 21
14.44 22
14.45 20
14.47 10
14.48 19
14.49 19
14.5 19
14.51 13
14.53 15
14.54 25
14.55 24
14.56 16
14.57 11
14.58 11
14.6 18
14.61 18
14.62 22
14.63 18
14.64 21
14.66 14
14.67 18
14.68 18
14.69 9
14.7 14
14.71 11
14.73 14
14.74 8
14.75 22
14.76 19
14.77 17
14.79 17
14.8 15
14.81 15
14.82 20
14.83 12
14.84 13
14.86 15
14.87 15
14.88 26
14.89 21
14.9 13
14.92 14
14.93 13
14.94 13
14.95 18
14.96 14
14.98 24
14.99 21
15.0 14
15.01 14
15.02 18
15.03 12
15.05 15
15.06 12
15.07 16
15.08 14
15.09 20
15.11 14
15.12 16
15.13 11
15.14 16
15.15 16
15.16 12
15.18 15
15.19 18
15.2 9
15.21 12
15.22 13
15.24 18
15.25 15
15.26 15
15.27 17
15.28 7
15.29 19
15.31 6
15.32 17
15.33 17
15.34 16
15.35 15
15.37 18
15.38 12
15.39 17
15.4 17
15.41 14
15.42 12
15.44 7
15.45 17
15.46 20
15.47 18
15.48 16
15.5 21
15.51 16
15.52 21
15.53 12
15.54 15
15.55 11
15.57 11
15.58 15
15.59 9
15.6 8
15.61 6
15.63 15
15.64 15
15.65 19
15.66 13
15.67 18
15.69 14
15.7 6
15.71 9
15.72 14
15.73 14
15.74 10
15.76 14
15.77 10
15.78 9
15.79 13
15.8 11
15.82 14
15.83 7
15.84 10
15.85 6
15.86 7
15.87 8
15.89 15
15.9 17
15.91 11
15.92 14
15.93 4
15.95 8
15.96 6
15.97 10
15.98 10
15.99 14
16.0 3
16.02 11
16.03 12
16.04 19
16.05 5
16.06 12
16.08 10
16.09 9
16.1 7
16.11 9
16.12 12
16.13 10
16.15 14
16.16 5
16.17 9
16.18 3
16.19 16
16.21 8
16.22 11
16.23 14
16.24 10
16.25 5
16.27 11
16.28 7
16.29 5
16.3 8
16.31 8
16.32 11
16.34 12
16.35 8
16.36 13
16.37 11
16.38 6
16.4 9
16.41 9
16.42 15
16.43 7
16.44 10
16.45 5
16.47 7
16.48 8
16.49 10
16.5 7
16.51 14
16.53 2
16.54 8
16.55 18
16.56 8
16.57 12
16.58 6
16.6 5
16.61 10
16.62 4
16.63 4
16.64 5
16.66 8
16.67 5
16.68 6
16.69 10
16.7 8
16.71 9
16.73 7
16.74 8
16.75 6
16.76 3
16.77 5
16.79 7
16.8 9
16.81 6
16.82 6
16.83 4
16.85 9
16.86 7
16.87 3
16.88 3
16.89 3
16.9 4
16.92 7
16.93 4
16.94 5
16.95 7
16.96 3
16.98 4
16.99 3
17.0 1
17.01 14
17.02 10
17.03 7
17.05 1
17.06 4
17.07 4
17.08 13
17.09 7
17.11 5
17.12 4
17.13 5
17.14 3
17.15 6
17.16 6
17.18 5
17.19 3
17.2 2
17.21 4
17.22 4
17.24 5
17.25 1
17.26 3
17.27 4
17.28 1
17.29 1
17.31 8
17.32 2
17.33 3
17.34 2
17.35 4
17.37 3
17.38 2
17.39 5
17.4 1
17.41 3
17.43 1
17.44 1
17.45 2
17.46 1
17.47 2
17.48 2
17.5 1
17.51 3
17.52 1
17.53 1
17.54 3
17.56 0
17.57 2
17.58 1
17.59 4
17.6 2
17.61 3
17.63 1
17.64 0
17.65 3
17.66 2
17.67 1
17.69 2
17.7 0
17.71 0
17.72 1
17.73 0
17.74 2
17.76 0
17.77 0
17.78 0
17.79 1
17.8 1
17.82 2
17.83 3
17.84 1
17.85 2
17.86 1
17.87 0
17.89 2
17.9 0
17.91 1
17.92 1
17.93 1
17.95 1
17.96 1
17.97 2
17.98 2
17.99 0
18.01 1
18.02 0
18.03 1
18.04 0
18.05 0
18.06 2
18.08 0
18.09 2
18.1 1
18.11 0
18.12 0
18.14 1
18.15 0
18.16 0
18.17 0
18.18 1
18.19 0
18.21 2
18.22 2
18.23 1
18.24 0
18.25 0
18.27 0
18.28 1
18.29 0
18.3 1
18.31 1
18.32 1
18.34 0
18.35 1
18.36 1
18.37 1
18.38 1
18.4 0
18.41 2
18.42 1
18.43 0
18.44 2
18.45 1
18.47 2
18.48 0
18.49 0
18.5 0
18.51 1
18.53 4
18.54 0
18.55 3
18.56 0
18.57 0
18.59 0
18.6 1
18.61 0
18.62 2
18.63 0
18.64 1
18.66 2
18.67 1
18.68 0
18.69 1
18.7 0
18.72 0
18.73 0
18.74 1
18.75 0
18.76 1
18.77 1
18.79 0
18.8 0
18.81 2
18.82 1
18.83 0
18.85 0
18.86 0
18.87 0
18.88 0
18.89 0
18.9 0
18.92 2
18.93 2
18.94 0
18.95 0
18.96 1
18.98 0
18.99 0
19.0 1
19.01 0
19.02 1
19.03 0
19.05 0
19.06 1
19.07 0
19.08 3
19.09 1
19.11 0
19.12 1
19.13 0
19.14 0
19.15 0
19.17 1
19.18 1
19.19 0
19.2 0
19.21 0
19.22 1
19.24 0
19.25 0
19.26 0
19.27 0
19.28 1
19.3 0
19.31 0
19.32 1
19.33 0
19.34 1
19.35 0
19.37 0
19.38 2
19.39 0
19.4 1
19.41 0
19.43 2
19.44 0
19.45 0
19.46 0
19.47 1
19.48 0
19.5 0
19.51 0
19.52 0
19.53 0
19.54 0
19.56 0
19.57 1
19.58 0
19.59 1
19.6 1
19.61 0
19.63 0
19.64 0
19.65 0
19.66 0
19.67 0
19.69 0
19.7 1
19.71 2
19.72 1
19.73 0
19.75 1
19.76 2
19.77 0
19.78 1
19.79 0
19.8 1
19.82 0
19.83 0
19.84 3
19.85 0
19.86 0
19.88 1
19.89 0
19.9 0
19.91 0
19.92 1
19.93 0
19.95 1
19.96 0
19.97 0
19.98 2
19.99 0
20.01 0
20.02 1
20.03 1
20.04 1
20.05 2
20.06 0
20.08 1
20.09 1
20.1 2
20.11 0
20.12 0
20.14 0
20.15 2
20.16 0
20.17 0
20.18 0
20.19 0
20.21 0
20.22 0
20.23 1
20.24 1
20.25 0
20.27 0
20.28 1
20.29 0
20.3 0
20.31 0
20.32 0
20.34 0
20.35 0
20.36 2
20.37 1
20.38 0
20.4 0
20.41 0
20.42 1
20.43 0
20.44 0
20.46 1
20.47 0
20.48 0
20.49 1
20.5 0
20.51 0
20.53 0
20.54 0
20.55 0
20.56 1
20.57 0
20.59 0
20.6 1
20.61 0
20.62 0
20.63 0
20.64 1
20.66 0
20.67 0
20.68 0
20.69 0
20.7 1
20.72 0
20.73 0
20.74 0
20.75 0
20.76 1
20.77 0
20.79 1
20.8 0
20.81 0
20.82 0
20.83 0
20.85 0
20.86 0
20.87 0
20.88 0
20.89 0
20.9 0
20.92 0
20.93 0
20.94 0
20.95 0
20.96 0
20.98 1
20.99 0
21.0 2
21.01 0
21.02 0
21.04 0
21.05 1
21.06 0
21.07 0
21.08 0
21.09 1
21.11 1
21.12 0
21.13 0
21.14 1
21.15 0
21.17 0
21.18 0
21.19 0
21.2 0
21.21 0
21.22 0
21.24 0
21.25 0
21.26 0
21.27 1
21.28 0
21.3 0
21.31 0
21.32 0
21.33 0
21.34 0
21.35 0
21.37 0
21.38 0
21.39 0
21.4 0
21.41 0
21.43 0
21.44 1
21.45 1
21.46 0
21.47 1
21.48 0
21.5 0
21.51 0
21.52 0
21.53 0
21.54 0
21.56 1
21.57 0
21.58 0
21.59 0
21.6 0
21.62 0
21.63 0
21.64 1
21.65 0
21.66 0
21.67 1
21.69 0
21.7 0
21.71 0
21.72 0
21.73 0
21.75 0
21.76 0
21.77 0
21.78 1
21.79 0
21.8 0
21.82 1
21.83 0
21.84 0
21.85 2
21.86 0
21.88 1
21.89 0
21.9 1
21.91 1
21.92 1
21.93 0
21.95 1
21.96 0
21.97 0
21.98 0
21.99 0
22.01 0
22.02 0
22.03 0
22.04 0
22.05 0
22.06 0
22.08 0
22.09 1
22.1 0
22.11 0
22.12 0
22.14 0
22.15 0
22.16 0
22.17 0
22.18 1
22.2 0
22.21 1
22.22 0
22.23 0
22.24 0
22.25 1
22.27 0
22.28 1
22.29 1
22.3 0
22.31 0
22.33 0
22.34 0
22.35 0
22.36 0
22.37 0
22.38 0
22.4 0
22.41 0
22.42 0
22.43 0
22.44 0
22.46 1
22.47 0
22.48 0
22.49 0
22.5 0
22.51 0
22.53 0
22.54 0
22.55 0
22.56 1
22.57 0
22.59 0
22.6 3
22.61 0
22.62 0
22.63 0
22.64 0
22.66 0
22.67 0
22.68 0
22.69 0
22.7 0
22.72 0
22.73 1
22.74 0
22.75 1
22.76 0
22.78 0
22.79 1
22.8 0
22.81 0
22.82 1
22.83 1
22.85 0
22.86 0
22.87 1
22.88 0
22.89 0
22.91 0
22.92 0
22.93 1
22.94 0
22.95 0
22.96 0
22.98 0
22.99 0
23.0 0
23.01 0
23.02 0
23.04 0
23.05 1
23.06 0
23.07 0
23.08 1
23.09 0
23.11 0
23.12 1
23.13 0
23.14 0
23.15 0
23.17 0
23.18 0
23.19 0
23.2 0
23.21 0
23.22 0
23.24 0
23.25 0
23.26 0
23.27 0
23.28 0
23.3 0
23.31 1
23.32 0
23.33 0
23.34 0
23.36 0
23.37 0
23.38 0
23.39 0
23.4 0
23.41 0
23.43 0
23.44 0
23.45 0
23.46 0
23.47 0
23.49 0
23.5 0
23.51 0
23.52 0
23.53 1
23.54 0
23.56 0
23.57 0
23.58 0
23.59 0
23.6 0
23.62 0
23.63 0
23.64 0
23.65 0
23.66 0
23.67 0
23.69 2
23.7 0
23.71 0
23.72 0
23.73 1
23.75 0
23.76 0
23.77 0
23.78 0
23.79 0
23.8 0
23.82 0
23.83 0
23.84 0
23.85 0
23.86 0
23.88 0
23.89 0
23.9 1
23.91 0
23.92 0
23.94 0
23.95 0
23.96 0
23.97 0
23.98 0
23.99 1
24.01 0
24.02 0
24.03 0
24.04 0
24.05 0
24.07 0
24.08 0
24.09 0
24.1 0
24.11 0
24.12 0
24.14 0
24.15 0
24.16 11
-0.02 1
-0.05 0
-0.04 1
-0.01 2
