0.0 10
0.01 1
0.02 0
0.03 0
0.05 2
0.06 0
0.07 0
0.08 0
0.09 0
0.1 0
0.12 0
0.13 0
0.14 0
0.15 0
0.16 0
0.18 0
0.19 0
0.2 0
0.21 0
0.22 0
0.23 0
0.25 0
0.26 0
0.27 0
0.28 0
0.29 1
0.3 0
0.32 1
0.33 1
0.34 3
0.35 5
0.36 5
0.37 6
0.39 12
0.4 18
0.41 30
0.42 32
0.43 33
0.45 42
0.46 66
0.47 79
0.48 110
0.49 138
0.5 203
0.52 190
0.53 246
0.54 361
0.55 427
0.56 410
0.57 530
0.59 550
0.6 607
0.61 677
0.62 689
0.63 738
0.64 775
0.66 770
0.67 701
0.68 794
0.69 758
0.7 785
0.71 901
0.73 806
0.74 864
0.75 895
0.76 835
0.77 886
0.79 947
0.8 921
0.81 983
0.82 1092
0.83 1114
0.84 1257
0.86 1452
0.87 1890
0.88 2209
0.89 2736
0.9 3422
0.91 4056
0.93 4635
0.94 4884
0.95 4591
0.96 4124
0.97 3509
0.98 2834
1.0 2138
1.01 1729
1.02 1456
1.03 1244
1.04 1254
1.06 1274
1.07 1297
1.08 1387
1.09 1352
1.1 1288
1.11 1252
1.13 1175
1.14 1084
1.15 1065
1.16 1132
1.17 1231
1.18 1206
1.2 1365
1.21 1338
1.22 1295
1.23 1241
1.24 1167
1.25 1156
1.27 1166
1.28 1093
1.29 1027
1.3 1058
1.31 1076
1.33 1073
1.34 1094
1.35 1193
1.36 1201
1.37 1297
1.38 1308
1.4 1346
1.41 1468
1.42 1412
1.43 1424
1.44 1485
1.45 1609
1.47 1623
1.48 1621
1.49 1594
1.5 1606
1.51 1641
1.52 1570
1.54 1521
1.55 1498
1.56 1483
1.57 1461
1.58 1524
1.6 1499
1.61 1542
1.62 1615
1.63 1562
1.64 1635
1.65 1767
1.67 1806
1.68 1910
1.69 2053
1.7 2179
1.71 2333
1.72 2385
1.74 2387
1.75 2423
1.76 2358
1.77 2292
1.78 2198
1.79 2100
1.81 2059
1.82 1954
1.83 1903
1.84 1911
1.85 1930
1.86 1928
1.88 1963
1.89 1898
1.9 1972
1.91 1898
1.92 2053
1.94 1960
1.95 2121
1.96 2261
1.97 2253
1.98 2375
1.99 2489
2.01 2497
2.02 2562
2.03 2654
2.04 2680
2.05 2720
2.06 2830
2.08 3007
2.09 3060
2.1 3126
2.11 3307
2.12 3515
2.13 3607
2.15 3808
2.16 3987
2.17 4252
2.18 4629
2.19 4800
2.21 5205
2.22 5497
2.23 6009
2.24 6526
2.25 7228
2.26 7956
2.28 8813
2.29 9866
2.3 11107
2.31 12469
2.32 14433
2.33 15962
2.35 17456
2.36 18821
2.37 19665
2.38 20655
2.39 20572
2.4 20601
2.42 20316
2.43 19687
2.44 20129
2.45 19950
2.46 20643
2.48 21264
2.49 22105
2.5 23364
2.51 23675
2.52 24375
2.53 24995
2.55 26385
2.56 28697
2.57 32337
2.58 39413
2.59 50314
2.6 66137
2.62 88971
2.63 118134
2.64 152897
2.65 188607
2.66 223051
2.67 251137
2.69 266221
2.7 267389
2.71 255101
2.72 228166
2.73 194431
2.75 159922
2.76 128656
2.77 101874
2.78 82667
2.79 70699
2.8 64777
2.82 62295
2.83 60653
2.84 58616
2.85 56464
2.86 53025
2.87 50197
2.89 47969
2.9 46011
2.91 45729
2.92 46093
2.93 46537
2.94 45828
2.96 44806
2.97 42482
2.98 38513
2.99 33699
3.0 28273
3.01 22971
3.03 18059
3.04 14131
3.05 11007
3.06 8913
3.07 7192
3.09 6442
3.1 5928
3.11 6177
3.12 6303
3.13 6843
3.14 7093
3.16 7124
3.17 7260
3.18 7190
3.19 7158
3.2 6559
3.21 6033
3.23 5495
3.24 4729
3.25 4147
3.26 3931
3.27 3496
3.28 3257
3.3 3193
3.31 3183
3.32 3279
3.33 3207
3.34 3201
3.36 3256
3.37 3279
3.38 3217
3.39 3162
3.4 2945
3.41 2961
3.43 2730
3.44 2843
3.45 2743
3.46 2649
3.47 2576
3.48 2672
3.5 2613
3.51 2872
3.52 2841
3.53 3105
3.54 3180
3.55 3307
3.57 3571
3.58 3497
3.59 3869
3.6 3913
3.61 3968
3.63 3971
3.64 3963
3.65 3884
3.66 3793
3.67 3758
3.68 3768
3.7 3746
3.71 3681
3.72 3700
3.73 3554
3.74 3373
3.75 3555
3.77 3613
3.78 3728
3.79 3668
3.8 3681
3.81 3753
3.82 3917
3.84 3747
3.85 3843
3.86 4039
3.87 3846
3.88 3791
3.89 3958
3.91 3809
3.92 3803
3.93 3794
3.94 3725
3.95 3742
3.97 3779
3.98 3733
3.99 3925
4.0 3814
4.01 3712
4.02 3854
4.04 3835
4.05 3939
4.06 3940
4.07 3927
4.08 4114
4.09 4033
4.11 4097
4.12 4048
4.13 4111
4.14 4120
4.15 4008
4.16 4175
4.18 4150
4.19 4098
4.2 4209
4.21 4185
4.22 4245
4.24 4286
4.25 4211
4.26 4231
4.27 4380
4.28 4325
4.29 4397
4.31 4357
4.32 4390
4.33 4513
4.34 4473
4.35 4462
4.36 4549
4.38 4554
4.39 4614
4.4 4479
4.41 4554
4.42 4630
4.43 4534
4.45 4630
4.46 4676
4.47 4693
4.48 4651
4.49 4640
4.51 4675
4.52 4539
4.53 4550
4.54 4635
4.55 4724
4.56 4622
4.58 4686
4.59 4629
4.6 4580
4.61 4649
4.62 4697
4.63 4574
4.65 4711
4.66 4703
4.67 4687
4.68 4603
4.69 4604
4.7 4546
4.72 4582
4.73 4614
4.74 4533
4.75 4564
4.76 4499
4.78 4562
4.79 4422
4.8 4458
4.81 4479
4.82 4333
4.83 4377
4.85 4326
4.86 4257
4.87 4345
4.88 4310
4.89 4357
4.9 4229
4.92 4263
4.93 4215
4.94 4254
4.95 4247
4.96 4231
4.97 4158
4.99 4216
5.0 4175
5.01 4213
5.02 4278
5.03 4191
5.04 4296
5.06 4264
5.07 4337
5.08 4350
5.09 4461
5.1 4679
5.12 4605
5.13 4900
5.14 4948
5.15 5012
5.16 5069
5.17 5065
5.19 4784
5.2 4806
5.21 4677
5.22 4629
5.23 4403
5.24 4379
5.26 4262
5.27 4069
5.28 4114
5.29 3928
5.3 3949
5.31 3885
5.33 3872
5.34 3802
5.35 4016
5.36 3801
5.37 3686
5.39 3666
5.4 3622
5.41 3694
5.42 3632
5.43 3655
5.44 3637
5.46 3591
5.47 3500
5.48 3436
5.49 3468
5.5 3484
5.51 3322
5.53 3326
5.54 3401
5.55 3284
5.56 3306
5.57 3314
5.58 3294
5.6 3172
5.61 3261
5.62 3220
5.63 3188
5.64 3254
5.66 3270
5.67 3073
5.68 3165
5.69 3149
5.7 3134
5.71 3183
5.73 3027
5.74 3012
5.75 3011
5.76 3125
5.77 2947
5.78 3081
5.8 3049
5.81 3098
5.82 3080
5.83 3081
5.84 3142
5.85 3170
5.87 3271
5.88 3066
5.89 3225
5.9 3271
5.91 3243
5.93 3162
5.94 3127
5.95 3222
5.96 3171
5.97 3218
5.98 3162
6.0 3147
6.01 3118
6.02 2986
6.03 3177
6.04 3088
6.05 3134
6.07 3149
6.08 3035
6.09 3092
6.1 3013
6.11 3048
6.12 3061
6.14 3041
6.15 3000
6.16 3056
6.17 3036
6.18 2998
6.19 3009
6.21 3066
6.22 3036
6.23 2892
6.24 3011
6.25 2981
6.27 3072
6.28 3012
6.29 3128
6.3 3147
6.31 3190
6.32 3216
6.34 3376
6.35 3344
6.36 3333
6.37 3466
6.38 3479
6.39 3606
6.41 3555
6.42 3534
6.43 3570
6.44 3458
6.45 3586
6.46 3398
6.48 3463
6.49 3344
6.5 3386
6.51 3323
6.52 3384
6.54 3344
6.55 3476
6.56 3349
6.57 3520
6.58 3548
6.59 3585
6.61 3698
6.62 3686
6.63 3790
6.64 3876
6.65 3811
6.66 4106
6.68 4384
6.69 4621
6.7 5136
6.71 5885
6.72 7385
6.73 9278
6.75 12786
6.76 17306
6.77 23963
6.78 34078
6.79 47164
6.81 64776
6.82 86787
6.83 112308
6.84 141901
6.85 174666
6.86 207545
6.88 240295
6.89 269328
6.9 290815
6.91 305473
6.92 309306
6.93 305045
6.95 289624
6.96 265373
6.97 238285
6.98 206031
6.99 171542
7.0 139497
7.02 109605
7.03 83559
7.04 61776
7.05 44969
7.06 31760
7.07 22324
7.09 15375
7.1 10719
7.11 7616
7.12 5869
7.13 4691
7.15 4048
7.16 3508
7.17 3313
7.18 3113
7.19 3127
7.2 3039
7.22 3119
7.23 2969
7.24 2937
7.25 2851
7.26 2987
7.27 2960
7.29 3072
7.3 2942
7.31 3044
7.32 3052
7.33 3128
7.34 3200
7.36 3176
7.37 3230
7.38 3324
7.39 3470
7.4 3575
7.42 3663
7.43 3883
7.44 4107
7.45 4464
7.46 5031
7.47 5690
7.49 6605
7.5 8044
7.51 9498
7.52 11763
7.53 14799
7.54 17818
7.56 21351
7.57 25504
7.58 29721
7.59 34098
7.6 37768
7.61 41237
7.63 43711
7.64 44599
7.65 44162
7.66 43347
7.67 40950
7.69 36896
7.7 33090
7.71 29055
7.72 24359
7.73 20042
7.74 16245
7.76 12662
7.77 9886
7.78 7669
7.79 5796
7.8 4602
7.81 3636
7.83 2951
7.84 2515
7.85 2131
7.86 2009
7.87 1957
7.88 1853
7.9 1757
7.91 1744
7.92 1675
7.93 1721
7.94 1716
7.96 1735
7.97 1776
7.98 1654
7.99 1702
8.0 1676
8.01 1702
8.03 1740
8.04 1723
8.05 1752
8.06 1682
8.07 1691
8.08 1672
8.1 1700
8.11 1762
8.12 1694
8.13 1688
8.14 1671
8.15 1668
8.17 1676
8.18 1626
8.19 1640
8.2 1621
8.21 1665
8.22 1607
8.24 1690
8.25 1646
8.26 1745
8.27 1667
8.28 1676
8.3 1709
8.31 1682
8.32 1689
8.33 1660
8.34 1716
8.35 1661
8.37 1700
8.38 1651
8.39 1635
8.4 1595
8.41 1606
8.42 1623
8.44 1623
8.45 1522
8.46 1622
8.47 1477
8.48 1503
8.49 1500
8.51 1411
8.52 1453
8.53 1374
8.54 1367
8.55 1455
8.57 1346
8.58 1349
8.59 1341
8.6 1348
8.61 1286
8.62 1329
8.64 1344
8.65 1318
8.66 1317
8.67 1265
8.68 1277
8.69 1299
8.71 1264
8.72 1373
8.73 1323
8.74 1267
8.75 1333
8.76 1265
8.78 1258
8.79 1256
8.8 1214
8.81 1257
8.82 1257
8.84 1218
8.85 1243
8.86 1186
8.87 1263
8.88 1299
8.89 1287
8.91 1261
8.92 1259
8.93 1255
8.94 1232
8.95 1321
8.96 1249
8.98 1271
8.99 1230
9.0 1268
9.01 1292
9.02 1238
9.03 1194
9.05 1211
9.06 1255
9.07 1260
9.08 1224
9.09 1248
9.11 1172
9.12 1251
9.13 1299
9.14 1238
9.15 1300
9.16 1290
9.18 1292
9.19 1346
9.2 1361
9.21 1329
9.22 1335
9.23 1365
9.25 1381
9.26 1397
9.27 1385
9.28 1385
9.29 1426
9.3 1378
9.32 1406
9.33 1459
9.34 1494
9.35 1519
9.36 1495
9.37 1395
9.39 1500
9.4 1490
9.41 1536
9.42 1504
9.43 1624
9.45 1655
9.46 1691
9.47 1663
9.48 1664
9.49 1676
9.5 1742
9.52 1629
9.53 1719
9.54 1715
9.55 1849
9.56 1774
9.57 1709
9.59 1746
9.6 1801
9.61 1802
9.62 1730
9.63 1622
9.64 1671
9.66 1551
9.67 1571
9.68 1554
9.69 1509
9.7 1415
9.72 1413
9.73 1313
9.74 1382
9.75 1332
9.76 1213
9.77 1227
9.79 1245
9.8 1170
9.81 1159
9.82 1158
9.83 1192
9.84 1153
9.86 1160
9.87 1124
9.88 1060
9.89 1078
9.9 1082
9.91 1128
9.93 1066
9.94 1080
9.95 1021
9.96 1004
9.97 1066
9.99 1008
10.0 937
10.01 999
10.02 1010
10.03 991
10.04 1009
10.06 940
10.07 994
10.08 1006
10.09 931
10.1 991
10.11 925
10.13 931
10.14 923
10.15 947
10.16 885
10.17 959
10.18 952
10.2 943
10.21 938
10.22 959
10.23 948
10.24 975
10.25 894
10.27 892
10.28 936
10.29 919
10.3 913
10.31 938
10.33 879
10.34 899
10.35 900
10.36 907
10.37 895
10.38 909
10.4 865
10.41 922
10.42 893
10.43 865
10.44 885
10.45 845
10.47 808
10.48 874
10.49 861
10.5 800
10.51 798
10.52 808
10.54 809
10.55 796
10.56 776
10.57 767
10.58 796
10.6 753
10.61 845
10.62 801
10.63 757
10.64 734
10.65 808
10.67 776
10.68 728
10.69 729
10.7 757
10.71 777
10.72 730
10.74 711
10.75 729
10.76 720
10.77 748
10.78 713
10.79 739
10.81 721
10.82 709
10.83 760
10.84 718
10.85 711
10.87 705
10.88 735
10.89 676
10.9 724
10.91 690
10.92 671
10.94 749
10.95 678
10.96 668
10.97 722
10.98 687
10.99 716
11.01 644
11.02 733
11.03 705
11.04 661
11.05 663
11.06 620
11.08 658
11.09 674
11.1 651
11.11 645
11.12 719
11.14 671
11.15 644
11.16 658
11.17 664
11.18 603
11.19 675
11.21 623
11.22 650
11.23 621
11.24 599
11.25 643
11.26 665
11.28 625
11.29 659
11.3 595
11.31 594
11.32 646
11.33 583
11.35 581
11.36 603
11.37 576
11.38 560
11.39 615
11.4 587
11.42 599
11.43 609
11.44 589
11.45 576
11.46 549
11.48 541
11.49 602
11.5 544
11.51 544
11.52 563
11.53 513
11.55 551
11.56 496
11.57 541
11.58 586
11.59 559
11.6 528
11.62 552
11.63 558
11.64 514
11.65 473
11.66 535
11.67 544
11.69 540
11.7 555
11.71 509
11.72 502
11.73 486
11.75 529
11.76 487
11.77 499
11.78 530
11.79 502
11.8 442
11.82 502
11.83 508
11.84 485
11.85 487
11.86 496
11.87 488
11.89 499
11.9 449
11.91 445
11.92 475
11.93 480
11.94 457
11.96 461
11.97 435
11.98 454
11.99 399
12.0 415
12.02 459
12.03 432
12.04 439
12.05 413
12.06 418
12.07 434
12.09 412
12.1 427
12.11 432
12.12 379
12.13 417
12.14 450
12.16 379
12.17 414
12.18 409
12.19 398
12.2 437
12.21 389
12.23 383
12.24 388
12.25 407
12.26 372
12.27 386
12.29 387
12.3 371
12.31 327
12.32 359
12.33 333
12.34 379
12.36 345
12.37 353
12.38 377
12.39 349
12.4 374
12.41 350
12.43 320
12.44 317
12.45 343
12.46 317
12.47 342
12.48 342
12.5 332
12.51 310
12.52 331
12.53 314
12.54 340
12.55 313
12.57 292
12.58 309
12.59 302
12.6 306
12.61 280
12.63 273
12.64 305
12.65 279
12.66 297
12.67 289
12.68 307
12.7 256
12.71 302
12.72 294
12.73 287
12.74 264
12.75 277
12.77 274
12.78 279
12.79 259
12.8 274
12.81 268
12.82 241
12.84 244
12.85 241
12.86 249
12.87 237
12.88 244
12.9 249
12.91 249
12.92 266
12.93 251
12.94 269
12.95 227
12.97 227
12.98 240
12.99 265
13.0 249
13.01 274
13.02 269
13.04 271
13.05 238
13.06 314
13.07 306
13.08 286
13.09 294
13.11 324
13.12 319
13.13 327
13.14 291
13.15 303
13.17 315
13.18 298
13.19 311
13.2 340
13.21 317
13.22 277
13.24 307
13.25 288
13.26 278
13.27 310
13.28 326
13.29 307
13.31 302
13.32 301
13.33 306
13.34 309
13.35 269
13.36 323
13.38 286
13.39 288
13.4 308
13.41 279
13.42 281
13.44 308
13.45 289
13.46 326
13.47 309
13.48 277
13.49 293
13.51 265
13.52 295
13.53 292
13.54 298
13.55 312
13.56 323
13.58 338
13.59 324
13.6 334
13.61 280
13.62 325
13.63 315
13.65 373
13.66 325
13.67 382
13.68 364
13.69 423
13.7 402
13.72 399
13.73 440
13.74 460
13.75 473
13.76 474
13.78 484
13.79 517
13.8 493
13.81 482
13.82 524
13.83 477
13.85 479
13.86 461
13.87 394
13.88 401
13.89 366
13.9 336
13.92 293
13.93 279
13.94 282
13.95 210
13.96 204
13.97 147
13.99 145
14.0 120
14.01 123
14.02 110
14.03 81
14.05 95
14.06 95
14.07 93
14.08 72
14.09 82
14.1 90
14.12 69
14.13 68
14.14 88
14.15 83
14.16 77
14.17 75
14.19 68
14.2 89
14.21 89
14.22 92
14.23 61
14.24 69
14.26 92
14.27 108
14.28 100
14.29 109
14.3 87
14.32 80
14.33 100
14.34 96
14.35 99
14.36 98
14.37 96
14.39 118
14.4 113
14.41 117
14.42 123
14.43 121
14.44 156
14.46 123
14.47 133
14.48 137
14.49 155
14.5 135
14.51 123
14.53 157
14.54 147
14.55 131
14.56 143
14.57 133
14.58 118
14.6 101
14.61 114
14.62 78
14.63 81
14.64 76
14.66 63
14.67 57
14.68 57
14.69 52
14.7 44
14.71 37
14.73 24
14.74 36
14.75 34
14.76 26
14.77 30
14.78 19
14.8 24
14.81 18
14.82 27
14.83 24
14.84 23
14.85 22
14.87 20
14.88 21
14.89 19
14.9 16
14.91 19
14.93 19
14.94 22
14.95 17
14.96 20
14.97 24
14.98 28
15.0 16
15.01 25
15.02 31
15.03 20
15.04 19
15.05 21
15.07 26
15.08 23
15.09 21
15.1 19
15.11 31
15.12 17
15.14 25
15.15 33
15.16 24
15.17 22
15.18 26
15.2 32
15.21 21
15.22 14
15.23 15
15.24 21
15.25 33
15.27 33
15.28 24
15.29 23
15.3 19
15.31 17
15.32 23
15.34 16
15.35 18
15.36 14
15.37 11
15.38 20
15.39 17
15.41 17
15.42 14
15.43 18
15.44 15
15.45 12
15.47 16
15.48 22
15.49 15
15.5 10
15.51 21
15.52 8
15.54 16
15.55 12
15.56 13
15.57 12
15.58 10
15.59 15
15.61 12
15.62 9
15.63 11
15.64 17
15.65 11
15.66 12
15.68 10
15.69 19
15.7 10
15.71 14
15.72 10
15.73 17
15.75 15
15.76 7
15.77 16
15.78 11
15.79 11
15.81 13
15.82 10
15.83 15
15.84 13
15.85 8
15.86 8
15.88 17
15.89 14
15.9 13
15.91 14
15.92 14
15.93 10
15.95 11
15.96 14
15.97 16
15.98 11
15.99 10
16.0 14
16.02 10
16.03 11
16.04 12
16.05 8
16.06 9
16.08 20
16.09 10
16.1 8
16.11 15
16.12 14
16.13 16
16.15 10
16.16 16
16.17 7
16.18 6
16.19 13
16.2 8
16.22 17
16.23 18
16.24 7
16.25 6
16.26 12
16.27 11
16.29 14
16.3 13
16.31 9
16.32 12
16.33 15
16.35 5
16.36 17
16.37 13
16.38 13
16.39 12
16.4 9
16.42 15
16.43 12
16.44 14
16.45 11
16.46 8
16.47 10
16.49 16
16.5 12
16.51 15
16.52 6
16.53 9
16.54 10
16.56 6
16.57 4
16.58 10
16.59 8
16.6 9
16.62 9
16.63 7
16.64 13
16.65 6
16.66 15
16.67 12
16.69 8
16.7 5
16.71 6
16.72 8
16.73 17
16.74 5
16.76 13
16.77 12
16.78 9
16.79 9
16.8 9
16.81 7
16.83 11
16.84 6
16.85 14
16.86 12
16.87 11
16.88 3
16.9 13
16.91 10
16.92 11
16.93 7
16.94 10
16.96 4
16.97 10
16.98 13
16.99 9
17.0 8
17.01 4
17.03 11
17.04 18
17.05 2
17.06 7
17.07 7
17.08 11
17.1 9
17.11 8
17.12 5
17.13 14
17.14 8
17.15 8
17.17 9
17.18 8
17.19 9
17.2 8
17.21 11
17.23 9
17.24 9
17.25 7
17.26 7
17.27 6
17.28 9
17.3 7
17.31 9
17.32 8
17.33 3
17.34 5
17.35 8
17.37 5
17.38 5
17.39 2
17.4 4
17.41 5
17.42 4
17.44 5
17.45 3
17.46 3
17.47 4
17.48 5
17.5 10
17.51 7
17.52 6
17.53 2
17.54 4
17.55 6
17.57 8
17.58 5
17.59 5
17.6 4
17.61 4
17.62 4
17.64 2
17.65 9
17.66 6
17.67 9
17.68 6
17.69 4
17.71 7
17.72 11
17.73 4
17.74 3
17.75 2
17.76 3
17.78 7
17.79 8
17.8 3
17.81 7
17.82 8
17.84 4
17.85 9
17.86 3
17.87 6
17.88 8
17.89 6
17.91 1
17.92 5
17.93 5
17.94 5
17.95 4
17.96 4
17.98 6
17.99 6
18.0 4
18.01 4
18.02 4
18.03 7
18.05 7
18.06 1
18.07 8
18.08 6
18.09 5
18.11 4
18.12 8
18.13 5
18.14 7
18.15 4
18.16 3
18.18 5
18.19 3
18.2 7
18.21 3
18.22 7
18.23 5
18.25 6
18.26 6
18.27 4
18.28 6
18.29 9
18.3 3
18.32 4
18.33 8
18.34 7
18.35 3
18.36 9
18.38 4
18.39 8
18.4 5
18.41 7
18.42 5
18.43 5
18.45 8
18.46 6
18.47 5
18.48 5
18.49 4
18.5 3
18.52 4
18.53 5
18.54 5
18.55 5
18.56 8
18.57 5
18.59 3
18.6 7
18.61 3
18.62 6
18.63 4
18.65 5
18.66 4
18.67 3
18.68 5
18.69 4
18.7 5
18.72 3
18.73 4
18.74 4
18.75 4
18.76 5
18.77 5
18.79 4
18.8 6
18.81 6
18.82 3
18.83 2
18.84 4
18.86 4
18.87 2
18.88 4
18.89 3
18.9 4
18.91 3
18.93 4
18.94 0
18.95 5
18.96 4
18.97 5
18.99 3
19.0 1
19.01 5
19.02 5
19.03 2
19.04 2
19.06 3
19.07 3
19.08 6
19.09 4
19.1 2
19.11 2
19.13 8
19.14 2
19.15 4
19.16 7
19.17 4
19.18 4
19.2 1
19.21 2
19.22 4
19.23 4
19.24 4
19.26 4
19.27 2
19.28 2
19.29 2
19.3 2
19.31 4
19.33 5
19.34 2
19.35 2
19.36 3
19.37 6
19.38 1
19.4 3
19.41 4
19.42 3
19.43 0
19.44 1
19.45 1
19.47 5
19.48 3
19.49 3
19.5 6
19.51 1
19.53 3
19.54 3
19.55 5
19.56 2
19.57 1
19.58 2
19.6 2
19.61 4
19.62 4
19.63 4
19.64 2
19.65 1
19.67 5
19.68 0
19.69 4
19.7 0
19.71 2
19.72 3
19.74 6
19.75 5
19.76 2
19.77 0
19.78 4
19.8 1
19.81 2
19.82 0
19.83 2
19.84 1
19.85 1
19.87 4
19.88 3
19.89 4
19.9 4
19.91 2
19.92 3
19.94 3
19.95 3
19.96 2
19.97 2
19.98 0
19.99 1
20.01 1
20.02 1
20.03 2
20.04 3
20.05 4
20.06 1
20.08 1
20.09 1
20.1 3
20.11 1
20.12 3
20.14 2
20.15 1
20.16 3
20.17 0
20.18 2
20.19 0
20.21 1
20.22 0
20.23 1
20.24 0
20.25 0
20.26 3
20.28 1
20.29 2
20.3 3
20.31 2
20.32 2
20.33 2
20.35 1
20.36 2
20.37 3
20.38 1
20.39 0
20.41 2
20.42 2
20.43 0
20.44 1
20.45 0
20.46 5
20.48 1
20.49 4
20.5 0
20.51 1
20.52 1
20.53 2
20.55 1
20.56 1
20.57 1
20.58 2
20.59 1
20.6 2
20.62 4
20.63 2
20.64 2
20.65 1
20.66 2
20.68 1
20.69 0
20.7 1
20.71 2
20.72 1
20.73 2
20.75 1
20.76 2
20.77 0
20.78 0
20.79 2
20.8 1
20.82 0
20.83 0
20.84 1
20.85 1
20.86 0
20.87 1
20.89 1
20.9 0
20.91 1
20.92 1
20.93 1
20.94 0
20.96 0
20.97 0
20.98 3
20.99 0
21.0 0
21.02 1
21.03 1
21.04 1
21.05 2
21.06 1
21.07 1
21.09 0
21.1 0
21.11 2
21.12 1
21.13 1
21.14 0
21.16 0
21.17 0
21.18 0
21.19 0
21.2 0
21.21 1
21.23 1
21.24 1
21.25 0
21.26 0
21.27 0
21.29 1
21.3 3
21.31 0
21.32 1
21.33 0
21.34 0
21.36 1
21.37 2
21.38 1
21.39 0
21.4 0
21.41 0
21.43 2
21.44 0
21.45 0
21.46 0
21.47 1
21.48 0
21.5 0
21.51 1
21.52 0
21.53 0
21.54 1
21.56 2
21.57 0
21.58 0
21.59 1
21.6 0
21.61 1
21.63 0
21.64 0
21.65 0
21.66 1
21.67 0
21.68 0
21.7 0
21.71 0
21.72 0
21.73 0
21.74 1
21.75 1
21.77 0
21.78 0
21.79 0
21.8 0
21.81 0
21.83 0
21.84 0
21.85 0
21.86 0
21.87 0
21.88 1
21.9 0
21.91 0
21.92 0
21.93 0
21.94 0
21.95 1
21.97 0
21.98 0
21.99 0
22.0 0
22.01 1
22.02 1
22.04 0
22.05 0
22.06 0
22.07 0
22.08 1
22.09 2
22.11 1
22.12 0
22.13 0
22.14 0
22.15 0
22.17 0
22.18 0
22.19 0
22.2 0
22.21 0
22.22 1
22.24 0
22.25 0
22.26 0
22.27 0
22.28 0
22.29 0
22.31 0
22.32 0
22.33 0
22.34 0
22.35 0
22.36 0
22.38 0
22.39 0
22.4 0
22.41 0
22.42 0
22.44 0
22.45 0
22.46 0
22.47 0
22.48 0
22.49 0
22.51 0
22.52 0
22.53 1
22.54 0
22.55 0
22.56 0
22.58 0
22.59 0
22.6 1
22.61 1
22.62 0
22.63 0
22.65 0
22.66 0
22.67 0
22.68 0
22.69 0
22.71 0
22.72 0
22.73 0
22.74 0
22.75 0
22.76 1
22.78 0
22.79 0
22.8 0
22.81 0
22.82 0
22.83 0
22.85 0
22.86 0
22.87 0
22.88 0
22.89 0
22.9 0
22.92 0
22.93 0
22.94 0
22.95 0
22.96 0
22.98 0
22.99 0
23.0 0
23.01 0
23.02 0
23.03 0
23.05 0
23.06 1
23.07 0
23.08 0
23.09 0
23.1 0
23.12 0
23.13 0
23.14 0
23.15 0
23.16 0
23.17 0
23.19 0
23.2 0
23.21 0
23.22 0
23.23 0
23.24 0
23.26 0
23.27 0
23.28 0
23.29 0
23.3 0
23.32 0
23.33 0
23.34 0
23.35 0
23.36 0
23.37 0
23.39 0
23.4 0
23.41 0
23.42 0
23.43 0
23.44 0
23.46 0
23.47 0
23.48 0
23.49 1
23.5 0
23.51 0
23.53 0
23.54 0
23.55 0
23.56 0
23.57 0
23.59 0
23.6 0
23.61 0
23.62 0
23.63 0
23.64 1
23.66 0
23.67 0
23.68 0
23.69 0
23.7 0
23.71 0
23.73 0
23.74 0
23.75 0
23.76 0
23.77 0
23.78 0
23.8 0
23.81 0
23.82 0
23.83 0
23.84 0
23.86 0
23.87 0
23.88 0
23.89 0
23.9 0
23.91 0
23.93 0
23.94 0
23.95 0
23.96 0
23.97 0
23.98 13
-0.01 0
