0.0 00
0.01 0
0.03 0
0.04 0
0.05 0
0.06 1
0.07 0
0.08 0
0.1 1
0.11 0
0.12 0
0.13 0
0.14 0
0.15 0
0.17 0
0.18 0
0.19 0
0.2 0
0.21 0
0.22 0
0.24 0
0.25 0
0.26 0
0.27 0
0.28 0
0.29 0
0.31 0
0.32 0
0.33 1
0.34 1
0.35 2
0.37 2
0.38 3
0.39 3
0.4 5
0.41 7
0.42 3
0.44 12
0.45 13
0.46 29
0.47 31
0.48 33
0.49 35
0.51 51
0.52 54
0.53 64
0.54 91
0.55 86
0.56 116
0.58 145
0.59 143
0.6 153
0.61 134
0.62 160
0.63 205
0.65 206
0.66 192
0.67 195
0.68 201
0.69 209
0.71 194
0.72 219
0.73 215
0.74 197
0.75 225
0.76 226
0.78 233
0.79 248
0.8 267
0.81 264
0.82 270
0.83 259
0.85 287
0.86 371
0.87 400
0.88 492
0.89 601
0.9 760
0.92 844
0.93 925
0.94 941
0.95 883
0.96 868
0.98 708
0.99 619
1.0 519
1.01 427
1.02 365
1.03 344
1.05 309
1.06 306
1.07 331
1.08 330
1.09 301
1.1 307
1.12 279
1.13 297
1.14 274
1.15 256
1.16 254
1.17 242
1.19 258
1.2 253
1.21 270
1.22 281
1.23 271
1.24 286
1.26 280
1.27 291
1.28 298
1.29 280
1.3 262
1.32 285
1.33 291
1.34 303
1.35 300
1.36 297
1.37 314
1.39 306
1.4 342
1.41 325
1.42 331
1.43 339
1.44 343
1.46 373
1.47 362
1.48 421
1.49 397
1.5 364
1.51 365
1.53 362
1.54 336
1.55 387
1.56 344
1.57 397
1.59 322
1.6 393
1.61 346
1.62 326
1.63 378
1.64 412
1.66 372
1.67 399
1.68 458
1.69 417
1.7 450
1.71 458
1.73 496
1.74 479
1.75 494
1.76 524
1.77 464
1.78 444
1.8 471
1.81 450
1.82 430
1.83 430
1.84 409
1.85 417
1.87 439
1.88 433
1.89 424
1.9 426
1.91 401
1.93 502
1.94 457
1.95 495
1.96 474
1.97 486
1.98 491
2.0 493
2.01 575
2.02 560
2.03 536
2.04 553
2.05 601
2.07 644
2.08 626
2.09 604
2.1 648
2.11 700
2.12 721
2.14 727
2.15 819
2.16 887
2.17 902
2.18 921
2.19 967
2.21 1103
2.22 1146
2.23 1146
2.24 1264
2.25 1438
2.27 1569
2.28 1737
2.29 1897
2.3 2197
2.31 2329
2.32 2831
2.34 2969
2.35 3258
2.36 3439
2.37 3727
2.38 3835
2.39 3841
2.41 3993
2.42 3804
2.43 3948
2.44 3849
2.45 3922
2.46 3985
2.48 4073
2.49 4284
2.5 4488
2.51 4568
2.52 4842
2.54 5023
2.55 5416
2.56 5917
2.57 6900
2.58 8412
2.59 10779
2.61 14240
2.62 18539
2.63 24238
2.64 30527
2.65 37322
2.66 43017
2.68 47834
2.69 50783
2.7 50597
2.71 48081
2.72 44047
2.73 38451
2.75 32265
2.76 26069
2.77 21127
2.78 17368
2.79 14761
2.8 12926
2.82 12073
2.83 11526
2.84 10840
2.85 10459
2.86 9808
2.88 8925
2.89 8231
2.9 7579
2.91 7066
2.92 6696
2.93 6398
2.95 6095
2.96 5773
2.97 5507
2.98 5043
2.99 4550
3.0 3982
3.02 3200
3.03 2888
3.04 2362
3.05 1922
3.06 1667
3.07 1499
3.09 1287
3.1 1237
3.11 1208
3.12 1218
3.13 1284
3.14 1338
3.16 1318
3.17 1374
3.18 1305
3.19 1232
3.2 1125
3.22 1093
3.23 1072
3.24 983
3.25 957
3.26 951
3.27 913
3.29 1005
3.3 972
3.31 1041
3.32 1024
3.33 1088
3.34 1139
3.36 1087
3.37 1095
3.38 1119
3.39 1053
3.4 1074
3.41 1038
3.43 1034
3.44 979
3.45 979
3.46 970
3.47 1046
3.49 969
3.5 979
3.51 1030
3.52 1066
3.53 1103
3.54 1175
3.56 1254
3.57 1259
3.58 1249
3.59 1254
3.6 1344
3.61 1401
3.63 1387
3.64 1454
3.65 1471
3.66 1385
3.67 1374
3.68 1403
3.7 1395
3.71 1398
3.72 1401
3.73 1399
3.74 1448
3.75 1441
3.77 1461
3.78 1476
3.79 1506
3.8 1499
3.81 1496
3.83 1608
3.84 1610
3.85 1578
3.86 1674
3.87 1587
3.88 1661
3.9 1641
3.91 1672
3.92 1630
3.93 1531
3.94 1606
3.95 1674
3.97 1668
3.98 1675
3.99 1698
4.0 1613
4.01 1676
4.02 1659
4.04 1587
4.05 1707
4.06 1638
4.07 1694
4.08 1708
4.1 1668
4.11 1674
4.12 1626
4.13 1686
4.14 1644
4.15 1664
4.17 1615
4.18 1620
4.19 1613
4.2 1603
4.21 1638
4.22 1562
4.24 1563
4.25 1500
4.26 1646
4.27 1514
4.28 1510
4.29 1568
4.31 1556
4.32 1505
4.33 1600
4.34 1541
4.35 1496
4.36 1480
4.38 1463
4.39 1453
4.4 1436
4.41 1476
4.42 1485
4.44 1426
4.45 1451
4.46 1420
4.47 1442
4.48 1426
4.49 1468
4.51 1516
4.52 1419
4.53 1459
4.54 1485
4.55 1360
4.56 1443
4.58 1499
4.59 1406
4.6 1341
4.61 1409
4.62 1418
4.63 1413
4.65 1358
4.66 1412
4.67 1393
4.68 1358
4.69 1428
4.7 1312
4.72 1360
4.73 1383
4.74 1411
4.75 1368
4.76 1404
4.78 1339
4.79 1370
4.8 1373
4.81 1372
4.82 1298
4.83 1374
4.85 1322
4.86 1360
4.87 1295
4.88 1378
4.89 1284
4.9 1284
4.92 1265
4.93 1319
4.94 1376
4.95 1283
4.96 1281
4.97 1290
4.99 1232
5.0 1265
5.01 1258
5.02 1313
5.03 1209
5.05 1261
5.06 1223
5.07 1278
5.08 1266
5.09 1136
5.1 1182
5.12 1223
5.13 1227
5.14 1153
5.15 1252
5.16 1224
5.17 1215
5.19 1241
5.2 1222
5.21 1218
5.22 1230
5.23 1307
5.24 1246
5.26 1263
5.27 1258
5.28 1327
5.29 1400
5.3 1420
5.31 1373
5.33 1404
5.34 1419
5.35 1486
5.36 1553
5.37 1472
5.39 1542
5.4 1619
5.41 1562
5.42 1566
5.43 1537
5.44 1552
5.46 1583
5.47 1548
5.48 1556
5.49 1550
5.5 1552
5.51 1576
5.53 1567
5.54 1543
5.55 1587
5.56 1529
5.57 1553
5.58 1684
5.6 1634
5.61 1685
5.62 1662
5.63 1665
5.64 1681
5.65 1696
5.67 1716
5.68 1802
5.69 1800
5.7 1901
5.71 1939
5.73 2109
5.74 2327
5.75 2603
5.76 2875
5.77 3500
5.78 4050
5.8 5025
5.81 5864
5.82 6927
5.83 7997
5.84 9008
5.85 9956
5.87 10893
5.88 11336
5.89 11842
5.9 11262
5.91 10956
5.92 10509
5.94 9402
5.95 8292
5.96 7327
5.97 6032
5.98 5269
6.0 4480
6.01 3810
6.02 3377
6.03 2933
6.04 2754
6.05 2618
6.07 2424
6.08 2381
6.09 2404
6.1 2430
6.11 2328
6.12 2376
6.14 2482
6.15 2547
6.16 2588
6.17 2599
6.18 2736
6.19 2702
6.21 2839
6.22 2972
6.23 3064
6.24 3226
6.25 3420
6.26 3407
6.28 3465
6.29 3801
6.3 3916
6.31 4021
6.32 4013
6.34 4236
6.35 4288
6.36 4653
6.37 4697
6.38 4813
6.39 4805
6.41 4900
6.42 4954
6.43 4987
6.44 4995
6.45 5078
6.46 4984
6.48 4919
6.49 4824
6.5 4700
6.51 4555
6.52 4311
6.53 4124
6.55 3921
6.56 3801
6.57 3530
6.58 3452
6.59 3271
6.61 3283
6.62 3073
6.63 3091
6.64 3108
6.65 2974
6.66 2943
6.68 2981
6.69 2931
6.7 2948
6.71 2956
6.72 2936
6.73 2973
6.75 2912
6.76 3021
6.77 3102
6.78 3083
6.79 3027
6.8 3093
6.82 3120
6.83 3160
6.84 3262
6.85 3105
6.86 3102
6.87 3154
6.89 3208
6.9 3197
6.91 3067
6.92 3026
6.93 3032
6.95 3085
6.96 2977
6.97 2949
6.98 2978
6.99 2874
7.0 2932
7.02 2919
7.03 2899
7.04 2875
7.05 2878
7.06 2804
7.07 2859
7.09 2840
7.1 2808
7.11 2758
7.12 2724
7.13 2596
7.14 2714
7.16 2683
7.17 2560
7.18 2478
7.19 2507
7.2 2500
7.21 2512
7.23 2515
7.24 2542
7.25 2380
7.26 2404
7.27 2407
7.29 2405
7.3 2282
7.31 2481
7.32 2450
7.33 2378
7.34 2427
7.36 2425
7.37 2411
7.38 2556
7.39 2597
7.4 2628
7.41 2667
7.43 2710
7.44 2796
7.45 2739
7.46 2821
7.47 2765
7.48 2772
7.5 2731
7.51 2595
7.52 2570
7.53 2594
7.54 2637
7.56 2558
7.57 2489
7.58 2444
7.59 2440
7.6 2406
7.61 2569
7.63 2457
7.64 2455
7.65 2390
7.66 2521
7.67 2417
7.68 2576
7.7 2621
7.71 2661
7.72 2692
7.73 2771
7.74 2920
7.75 2926
7.77 3184
7.78 3506
7.79 3854
7.8 4562
7.81 5590
7.82 7239
7.84 9739
7.85 13214
7.86 18393
7.87 25932
7.88 36067
7.9 49026
7.91 66227
7.92 87976
7.93 114298
7.94 143904
7.95 177131
7.97 213533
7.98 246820
7.99 279560
8.0 310530
8.01 332203
8.02 347161
8.04 353904
8.05 349039
8.06 334725
8.07 313430
8.08 284070
8.09 250840
8.11 216318
8.12 181291
8.13 148379
8.14 116909
8.15 90591
8.16 68324
8.18 50203
8.19 36285
8.2 25801
8.21 18073
8.22 12300
8.24 8976
8.25 6482
8.26 4996
8.27 3888
8.28 3337
8.29 2996
8.31 2868
8.32 2755
8.33 2812
8.34 2875
8.35 2766
8.36 3014
8.38 3380
8.39 3706
8.4 4110
8.41 5044
8.42 6474
8.43 8186
8.45 10932
8.46 14673
8.47 19751
8.48 26535
8.49 35138
8.51 45944
8.52 58566
8.53 73211
8.54 89657
8.55 106842
8.56 123420
8.58 139205
8.59 154834
8.6 167847
8.61 175550
8.62 180189
8.63 179299
8.65 174260
8.66 164981
8.67 151774
8.68 136955
8.69 120228
8.7 103441
8.72 86926
8.73 72205
8.74 59103
8.75 48925
8.76 41345
8.77 35215
8.79 32364
8.8 31796
8.81 32252
8.82 34397
8.83 37093
8.85 40328
8.86 43951
8.87 46450
8.88 48777
8.89 49572
8.9 49459
8.92 48420
8.93 46170
8.94 42739
8.95 39076
8.96 34819
8.97 29895
8.99 24933
9.0 20429
9.01 16622
9.02 13065
9.03 10136
9.04 7704
9.06 5740
9.07 4273
9.08 3173
9.09 2386
9.1 1848
9.12 1370
9.13 1101
9.14 966
9.15 840
9.16 787
9.17 717
9.19 743
9.2 724
9.21 716
9.22 764
9.23 723
9.24 747
9.26 781
9.27 804
9.28 794
9.29 836
9.3 850
9.31 910
9.33 943
9.34 1051
9.35 1191
9.36 1263
9.37 1491
9.38 1790
9.4 2128
9.41 2719
9.42 3256
9.43 3978
9.44 4995
9.46 5978
9.47 7313
9.48 8714
9.49 10449
9.5 11540
9.51 13007
9.53 14180
9.54 15339
9.55 15840
9.56 16240
9.57 16162
9.58 15658
9.6 14968
9.61 14141
9.62 12696
9.63 11402
9.64 9924
9.65 8418
9.67 7026
9.68 5818
9.69 4758
9.7 3678
9.71 2881
9.72 2287
9.74 1761
9.75 1314
9.76 1060
9.77 821
9.78 655
9.8 578
9.81 523
9.82 478
9.83 461
9.84 444
9.85 401
9.87 401
9.88 413
9.89 381
9.9 417
9.91 415
9.92 368
9.94 383
9.95 394
9.96 401
9.97 385
9.98 392
9.99 428
10.01 399
10.02 343
10.03 361
10.04 371
10.05 397
10.07 369
10.08 375
10.09 381
10.1 372
10.11 376
10.12 382
10.14 376
10.15 382
10.16 378
10.17 363
10.18 367
10.19 369
10.21 381
10.22 364
10.23 388
10.24 381
10.25 385
10.26 369
10.28 355
10.29 360
10.3 445
10.31 371
10.32 417
10.33 397
10.35 392
10.36 380
10.37 404
10.38 379
10.39 442
10.41 395
10.42 416
10.43 367
10.44 388
10.45 415
10.46 416
10.48 446
10.49 421
10.5 432
10.51 406
10.52 432
10.53 442
10.55 449
10.56 416
10.57 438
10.58 412
10.59 447
10.6 442
10.62 465
10.63 480
10.64 448
10.65 469
10.66 447
10.67 476
10.69 494
10.7 477
10.71 418
10.72 465
10.73 448
10.75 436
10.76 405
10.77 412
10.78 395
10.79 446
10.8 394
10.82 419
10.83 369
10.84 393
10.85 325
10.86 367
10.87 316
10.89 357
10.9 336
10.91 331
10.92 349
10.93 342
10.94 321
10.96 325
10.97 334
10.98 314
10.99 353
11.0 346
11.02 330
11.03 321
11.04 362
11.05 305
11.06 335
11.07 332
11.09 315
11.1 308
11.11 309
11.12 380
11.13 321
11.14 327
11.16 324
11.17 326
11.18 319
11.19 326
11.2 344
11.21 352
11.23 346
11.24 353
11.25 332
11.26 348
11.27 306
11.28 333
11.3 376
11.31 327
11.32 342
11.33 336
11.34 343
11.36 343
11.37 300
11.38 297
11.39 314
11.4 342
11.41 342
11.43 309
11.44 307
11.45 269
11.46 296
11.47 292
11.48 303
11.5 289
11.51 253
11.52 313
11.53 269
11.54 270
11.55 228
11.57 262
11.58 260
11.59 257
11.6 264
11.61 249
11.63 250
11.64 253
11.65 241
11.66 251
11.67 240
11.68 222
11.7 234
11.71 250
11.72 233
11.73 272
11.74 246
11.75 234
11.77 240
11.78 221
11.79 222
11.8 241
11.81 240
11.82 187
11.84 221
11.85 228
11.86 216
11.87 224
11.88 222
11.89 231
11.91 212
11.92 201
11.93 214
11.94 188
11.95 195
11.97 217
11.98 198
11.99 194
12.0 238
12.01 204
12.02 224
12.04 231
12.05 243
12.06 235
12.07 211
12.08 236
12.09 194
12.11 203
12.12 198
12.13 198
12.14 206
12.15 186
12.16 199
12.18 218
12.19 211
12.2 212
12.21 194
12.22 198
12.23 184
12.25 186
12.26 185
12.27 180
12.28 190
12.29 193
12.31 195
12.32 185
12.33 190
12.34 185
12.35 182
12.36 161
12.38 196
12.39 171
12.4 170
12.41 170
12.42 183
12.43 198
12.45 165
12.46 169
12.47 175
12.48 174
12.49 161
12.5 144
12.52 145
12.53 178
12.54 174
12.55 186
12.56 171
12.58 143
12.59 152
12.6 149
12.61 150
12.62 158
12.63 173
12.65 138
12.66 168
12.67 143
12.68 165
12.69 169
12.7 170
12.72 162
12.73 153
12.74 165
12.75 146
12.76 152
12.77 144
12.79 160
12.8 149
12.81 145
12.82 140
12.83 145
12.84 124
12.86 167
12.87 124
12.88 146
12.89 129
12.9 124
12.92 130
12.93 129
12.94 140
12.95 132
12.96 126
12.97 141
12.99 142
13.0 125
13.01 137
13.02 134
13.03 121
13.04 131
13.06 137
13.07 116
13.08 126
13.09 126
13.1 115
13.11 133
13.13 120
13.14 125
13.15 123
13.16 102
13.17 117
13.18 111
13.2 95
13.21 108
13.22 101
13.23 116
13.24 114
13.26 106
13.27 110
13.28 116
13.29 80
13.3 87
13.31 97
13.33 96
13.34 128
13.35 107
13.36 94
13.37 91
13.38 98
13.4 108
13.41 75
13.42 91
13.43 112
13.44 93
13.45 85
13.47 77
13.48 100
13.49 69
13.5 87
13.51 99
13.53 71
13.54 93
13.55 83
13.56 96
13.57 93
13.58 78
13.6 83
13.61 104
13.62 76
13.63 76
13.64 84
13.65 87
13.67 73
13.68 72
13.69 84
13.7 85
13.71 78
13.72 78
13.74 82
13.75 72
13.76 98
13.77 85
13.78 71
13.79 86
13.81 84
13.82 99
13.83 85
13.84 99
13.85 79
13.87 68
13.88 70
13.89 79
13.9 66
13.91 62
13.92 86
13.94 75
13.95 55
13.96 63
13.97 76
13.98 70
13.99 55
14.01 64
14.02 59
14.03 48
14.04 50
14.05 52
14.06 57
14.08 43
14.09 42
14.1 52
14.11 53
14.12 39
14.14 44
14.15 49
14.16 57
14.17 53
14.18 49
14.19 55
14.21 52
14.22 60
14.23 46
14.24 50
14.25 57
14.26 43
14.28 38
14.29 59
14.3 57
14.31 51
14.32 64
14.33 51
14.35 44
14.36 64
14.37 55
14.38 46
14.39 53
14.4 59
14.42 51
14.43 68
14.44 62
14.45 58
14.46 60
14.48 60
14.49 65
14.5 57
14.51 62
14.52 51
14.53 53
14.55 51
14.56 68
14.57 65
14.58 54
14.59 58
14.6 40
14.62 50
14.63 67
14.64 63
14.65 40
14.66 46
14.67 52
14.69 30
14.7 41
14.71 47
14.72 48
14.73 42
14.74 55
14.76 54
14.77 46
14.78 51
14.79 43
14.8 42
14.82 50
14.83 54
14.84 37
14.85 35
14.86 42
14.87 50
14.89 70
14.9 53
14.91 42
14.92 58
14.93 59
14.94 47
14.96 56
14.97 61
14.98 44
14.99 61
15.0 57
15.01 86
15.03 85
15.04 90
15.05 86
15.06 83
15.07 78
15.09 104
15.1 91
15.11 91
15.12 110
15.13 128
15.14 131
15.16 133
15.17 143
15.18 150
15.19 152
15.2 170
15.21 159
15.23 161
15.24 183
15.25 166
15.26 148
15.27 199
15.28 180
15.3 204
15.31 169
15.32 189
15.33 169
15.34 184
15.35 181
15.37 195
15.38 196
15.39 185
15.4 199
15.41 177
15.43 189
15.44 207
15.45 228
15.46 192
15.47 184
15.48 217
15.5 197
15.51 213
15.52 217
15.53 205
15.54 227
15.55 203
15.57 244
15.58 252
15.59 256
15.6 240
15.61 262
15.62 281
15.64 303
15.65 281
15.66 282
15.67 311
15.68 323
15.69 304
15.71 312
15.72 358
15.73 395
15.74 356
15.75 408
15.77 354
15.78 398
15.79 409
15.8 420
15.81 437
15.82 429
15.84 446
15.85 466
15.86 488
15.87 478
15.88 535
15.89 545
15.91 548
15.92 527
15.93 641
15.94 656
15.95 656
15.96 616
15.98 655
15.99 750
16.0 663
16.01 698
16.02 735
16.04 674
16.05 643
16.06 665
16.07 606
16.08 599
16.09 560
16.11 517
16.12 500
16.13 457
16.14 466
16.15 429
16.16 371
16.18 379
16.19 397
16.2 341
16.21 355
16.22 351
16.23 315
16.25 319
16.26 330
16.27 331
16.28 316
16.29 295
16.3 304
16.32 328
16.33 298
16.34 339
16.35 347
16.36 357
16.38 360
16.39 362
16.4 356
16.41 369
16.42 394
16.43 400
16.45 424
16.46 443
16.47 499
16.48 505
16.49 536
16.5 524
16.52 549
16.53 567
16.54 620
16.55 611
16.56 619
16.57 631
16.59 630
16.6 627
16.61 627
16.62 579
16.63 608
16.65 603
16.66 608
16.67 513
16.68 515
16.69 447
16.7 461
16.72 435
16.73 433
16.74 371
16.75 353
16.76 315
16.77 310
16.79 299
16.8 330
16.81 281
16.82 271
16.83 230
16.84 268
16.86 269
16.87 265
16.88 231
16.89 262
16.9 200
16.91 252
16.93 207
16.94 218
16.95 211
16.96 206
16.97 213
16.99 203
17.0 196
17.01 214
17.02 181
17.03 190
17.04 201
17.06 166
17.07 198
17.08 176
17.09 173
17.1 180
17.11 178
17.13 186
17.14 185
17.15 198
17.16 190
17.17 192
17.18 201
17.2 208
17.21 204
17.22 202
17.23 201
17.24 193
17.25 176
17.27 183
17.28 165
17.29 155
17.3 141
17.31 164
17.33 148
17.34 149
17.35 137
17.36 147
17.37 130
17.38 149
17.4 137
17.41 126
17.42 136
17.43 108
17.44 129
17.45 108
17.47 118
17.48 128
17.49 136
17.5 121
17.51 130
17.52 124
17.54 108
17.55 110
17.56 116
17.57 92
17.58 95
17.6 96
17.61 83
17.62 72
17.63 72
17.64 73
17.65 63
17.67 45
17.68 54
17.69 46
17.7 39
17.71 40
17.72 36
17.74 38
17.75 29
17.76 31
17.77 37
17.78 27
17.79 26
17.81 22
17.82 32
17.83 25
17.84 25
17.85 26
17.86 24
17.88 22
17.89 23
17.9 19
17.91 32
17.92 27
17.94 21
17.95 33
17.96 18
17.97 19
17.98 28
17.99 29
18.01 24
18.02 31
18.03 25
18.04 26
18.05 35
18.06 32
18.08 30
18.09 35
18.1 33
18.11 30
18.12 32
18.13 29
18.15 25
18.16 26
18.17 27
18.18 33
18.19 31
18.2 24
18.22 25
18.23 19
18.24 18
18.25 25
18.26 21
18.28 16
18.29 11
18.3 14
18.31 13
18.32 19
18.33 23
18.35 10
18.36 11
18.37 19
18.38 10
18.39 16
18.4 10
18.42 13
18.43 10
18.44 14
18.45 10
18.46 6
18.47 5
18.49 14
18.5 8
18.51 10
18.52 11
18.53 6
18.55 9
18.56 6
18.57 7
18.58 11
18.59 7
18.6 6
18.62 8
18.63 10
18.64 6
18.65 6
18.66 6
18.67 5
18.69 3
18.7 6
18.71 3
18.72 10
18.73 3
18.74 3
18.76 4
18.77 7
18.78 6
18.79 3
18.8 4
18.81 7
18.83 6
18.84 7
18.85 4
18.86 8
18.87 4
18.89 6
18.9 6
18.91 5
18.92 7
18.93 4
18.94 5
18.96 3
18.97 6
18.98 8
18.99 5
19.0 5
19.01 6
19.03 5
19.04 5
19.05 10
19.06 7
19.07 6
19.08 8
19.1 7
19.11 4
19.12 6
19.13 6
19.14 4
19.16 7
19.17 4
19.18 7
19.19 6
19.2 9
19.21 8
19.23 10
19.24 6
19.25 3
19.26 3
19.27 3
19.28 5
19.3 7
19.31 6
19.32 4
19.33 7
19.34 6
19.35 5
19.37 5
19.38 6
19.39 4
19.4 4
19.41 1
19.42 1
19.44 2
19.45 2
19.46 3
19.47 5
19.48 5
19.5 4
19.51 5
19.52 2
19.53 4
19.54 2
19.55 2
19.57 1
19.58 3
19.59 1
19.6 9
19.61 2
19.62 3
19.64 4
19.65 5
19.66 2
19.67 6
19.68 3
19.69 4
19.71 5
19.72 0
19.73 4
19.74 1
19.75 4
19.76 1
19.78 1
19.79 2
19.8 2
19.81 4
19.82 2
19.84 8
19.85 3
19.86 2
19.87 3
19.88 4
19.89 7
19.91 4
19.92 2
19.93 4
19.94 3
19.95 3
19.96 3
19.98 2
19.99 1
20.0 3
20.01 3
20.02 5
20.03 2
20.05 0
20.06 1
20.07 4
20.08 2
20.09 5
20.11 8
20.12 4
20.13 2
20.14 6
20.15 3
20.16 2
20.18 4
20.19 4
20.2 5
20.21 2
20.22 6
20.23 4
20.25 3
20.26 2
20.27 4
20.28 2
20.29 1
20.3 3
20.32 2
20.33 1
20.34 3
20.35 4
20.36 6
20.37 1
20.39 2
20.4 4
20.41 1
20.42 5
20.43 4
20.45 3
20.46 4
20.47 5
20.48 2
20.49 4
20.5 3
20.52 4
20.53 4
20.54 5
20.55 4
20.56 1
20.57 1
20.59 1
20.6 1
20.61 2
20.62 0
20.63 1
20.64 6
20.66 3
20.67 1
20.68 2
20.69 3
20.7 2
20.71 3
20.73 0
20.74 3
20.75 5
20.76 0
20.77 3
20.79 3
20.8 1
20.81 3
20.82 0
20.83 1
20.84 2
20.86 2
20.87 2
20.88 1
20.89 2
20.9 1
20.91 5
20.93 4
20.94 1
20.95 1
20.96 0
20.97 0
20.98 1
21.0 1
21.01 1
21.02 4
21.03 3
21.04 3
21.06 2
21.07 2
21.08 4
21.09 5
21.1 0
21.11 0
21.13 1
21.14 0
21.15 2
21.16 1
21.17 0
21.18 1
21.2 1
21.21 2
21.22 2
21.23 2
21.24 2
21.25 4
21.27 0
21.28 1
21.29 0
21.3 2
21.31 1
21.32 1
21.34 0
21.35 1
21.36 1
21.37 3
21.38 0
21.4 0
21.41 2
21.42 0
21.43 0
21.44 2
21.45 2
21.47 0
21.48 1
21.49 2
21.5 1
21.51 2
21.52 4
21.54 0
21.55 0
21.56 2
21.57 2
21.58 3
21.59 2
21.61 3
21.62 2
21.63 1
21.64 2
21.65 2
21.67 2
21.68 2
21.69 2
21.7 0
21.71 1
21.72 2
21.74 0
21.75 2
21.76 2
21.77 1
21.78 1
21.79 3
21.81 1
21.82 0
21.83 1
21.84 0
21.85 0
21.86 1
21.88 0
21.89 3
21.9 1
21.91 0
21.92 3
21.93 1
21.95 2
21.96 0
21.97 0
21.98 1
21.99 1
22.01 3
22.02 1
22.03 1
22.04 1
22.05 1
22.06 0
22.08 2
22.09 1
22.1 1
22.11 0
22.12 3
22.13 0
22.15 1
22.16 1
22.17 0
22.18 0
22.19 1
22.2 3
22.22 0
22.23 2
22.24 1
22.25 3
22.26 1
22.27 1
22.29 1
22.3 0
22.31 0
22.32 2
22.33 1
22.35 1
22.36 1
22.37 2
22.38 1
22.39 1
22.4 1
22.42 2
22.43 1
22.44 0
22.45 1
22.46 1
22.47 3
22.49 1
22.5 1
22.51 2
22.52 1
22.53 1
22.54 5
22.56 0
22.57 0
22.58 2
22.59 2
22.6 1
22.62 0
22.63 2
22.64 2
22.65 2
22.66 0
22.67 1
22.69 2
22.7 0
22.71 1
22.72 0
22.73 0
22.74 1
22.76 1
22.77 1
22.78 2
22.79 3
22.8 4
22.81 2
22.83 1
22.84 0
22.85 0
22.86 2
22.87 1
22.88 2
22.9 1
22.91 1
22.92 3
22.93 3
22.94 0
22.96 1
22.97 0
22.98 0
22.99 1
23.0 2
23.01 3
23.03 1
23.04 1
23.05 3
23.06 3
23.07 2
23.08 1
23.1 3
23.11 5
23.12 0
23.13 1
23.14 2
23.15 0
23.17 1
23.18 2
23.19 1
23.2 4
23.21 2
23.22 1
23.24 0
23.25 2
23.26 1
23.27 2
23.28 2
23.3 0
23.31 2
23.32 1
23.33 5
23.34 0
23.35 1
23.37 1
23.38 2
23.39 2
23.4 0
23.41 3
23.42 4
23.44 3
23.45 5
23.46 1
23.47 3
23.48 0
23.49 4
23.51 1
23.52 3
23.53 0
23.54 0
23.55 0
23.57 0
23.58 4
23.59 1
23.6 2
23.61 0
23.62 2
23.64 2
23.65 1
23.66 3
23.67 0
23.68 1
23.69 5
23.71 1
23.72 1
23.73 1
23.74 0
23.75 1
23.76 2
23.78 0
23.79 1
23.8 0
23.81 3
23.82 4
23.83 1
23.85 2
23.86 5
23.87 2
23.88 3
23.89 1
23.91 3
23.92 1
23.93 1
23.94 4
23.95 2
23.96 2
23.98 259
-0.01 0
