0.0 00
0.01 0
0.02 0
0.04 0
0.05 0
0.06 0
0.07 0
0.09 0
0.1 0
0.11 0
0.12 0
0.13 0
0.15 0
0.16 0
0.17 0
0.18 0
0.2 0
0.21 0
0.22 0
0.23 2
0.24 1
0.26 0
0.27 1
0.28 1
0.29 2
0.3 3
0.32 4
0.33 5
0.34 7
0.35 14
0.37 13
0.38 11
0.39 27
0.4 23
0.41 35
0.43 54
0.44 55
0.45 55
0.46 85
0.48 74
0.49 88
0.5 127
0.51 112
0.52 121
0.54 151
0.55 148
0.56 165
0.57 175
0.58 192
0.6 180
0.61 183
0.62 179
0.63 196
0.65 173
0.66 201
0.67 194
0.68 208
0.69 184
0.71 218
0.72 217
0.73 211
0.74 224
0.75 242
0.77 259
0.78 278
0.79 348
0.8 407
0.82 434
0.83 514
0.84 561
0.85 677
0.86 757
0.88 749
0.89 718
0.9 667
0.91 605
0.93 479
0.94 445
0.95 390
0.96 315
0.97 296
0.99 264
1.0 292
1.01 281
1.02 269
1.03 292
1.05 281
1.06 290
1.07 269
1.08 273
1.1 247
1.11 269
1.12 286
1.13 270
1.14 236
1.16 256
1.17 250
1.18 247
1.19 234
1.21 259
1.22 262
1.23 241
1.24 248
1.25 236
1.27 257
1.28 260
1.29 261
1.3 297
1.31 279
1.33 242
1.34 268
1.35 277
1.36 312
1.38 306
1.39 332
1.4 315
1.41 350
1.42 376
1.44 293
1.45 365
1.46 347
1.47 346
1.49 327
1.5 340
1.51 349
1.52 315
1.53 341
1.55 342
1.56 335
1.57 327
1.58 349
1.59 377
1.61 344
1.62 362
1.63 411
1.64 407
1.66 394
1.67 460
1.68 506
1.69 503
1.7 487
1.72 510
1.73 486
1.74 516
1.75 438
1.76 454
1.78 408
1.79 422
1.8 374
1.81 416
1.83 394
1.84 402
1.85 378
1.86 403
1.87 417
1.89 380
1.9 425
1.91 416
1.92 434
1.94 482
1.95 491
1.96 490
1.97 559
1.98 526
2.0 566
2.01 535
2.02 544
2.03 495
2.04 510
2.06 554
2.07 575
2.08 562
2.09 599
2.11 651
2.12 659
2.13 681
2.14 717
2.15 728
2.17 812
2.18 869
2.19 960
2.2 1070
2.22 1111
2.23 1215
2.24 1399
2.25 1573
2.26 1719
2.28 1917
2.29 2192
2.3 2415
2.31 2480
2.32 2776
2.34 2810
2.35 3048
2.36 3118
2.37 3155
2.39 3087
2.4 3205
2.41 3117
2.42 3147
2.43 3100
2.45 3295
2.46 3297
2.47 3354
2.48 3543
2.49 3756
2.51 3771
2.52 3882
2.53 4401
2.54 4719
2.56 5464
2.57 6288
2.58 7867
2.59 9563
2.6 12385
2.62 15996
2.63 19858
2.64 24310
2.65 29230
2.67 33424
2.68 35858
2.69 37194
2.7 37828
2.71 35552
2.73 32507
2.74 28388
2.75 24034
2.76 19958
2.77 16252
2.79 13435
2.8 11580
2.81 10397
2.82 9686
2.84 9348
2.85 8951
2.86 8429
2.87 7907
2.88 7360
2.9 7009
2.91 6663
2.92 6246
2.93 6049
2.95 5897
2.96 5671
2.97 5447
2.98 5129
2.99 4794
3.01 4314
3.02 3816
3.03 3178
3.04 2803
3.05 2200
3.07 1908
3.08 1651
3.09 1382
3.1 1324
3.12 1325
3.13 1146
3.14 1343
3.15 1336
3.16 1318
3.18 1380
3.19 1359
3.2 1368
3.21 1404
3.23 1411
3.24 1347
3.25 1359
3.26 1504
3.27 1475
3.29 1563
3.3 1644
3.31 1829
3.32 1937
3.33 1922
3.35 2013
3.36 1993
3.37 1926
3.38 1715
3.4 1640
3.41 1446
3.42 1373
3.43 1301
3.44 1181
3.46 1104
3.47 1058
3.48 998
3.49 1001
3.5 1030
3.52 1015
3.53 1074
3.54 1081
3.55 1089
3.57 1138
3.58 1227
3.59 1289
3.6 1308
3.61 1498
3.63 1513
3.64 1682
3.65 1766
3.66 1868
3.68 2008
3.69 2193
3.7 2124
3.71 2166
3.72 2350
3.74 2350
3.75 2266
3.76 2202
3.77 2041
3.78 1871
3.8 1884
3.81 1723
3.82 1562
3.83 1554
3.85 1599
3.86 1579
3.87 1532
3.88 1565
3.89 1490
3.91 1571
3.92 1586
3.93 1533
3.94 1601
3.96 1595
3.97 1609
3.98 1653
3.99 1719
4.0 1691
4.02 1704
4.03 1706
4.04 1641
4.05 1678
4.06 1707
4.08 1710
4.09 1793
4.1 1699
4.11 1769
4.13 1723
4.14 1783
4.15 1677
4.16 1680
4.17 1662
4.19 1616
4.2 1667
4.21 1575
4.22 1582
4.24 1611
4.25 1592
4.26 1560
4.27 1569
4.28 1460
4.3 1441
4.31 1489
4.32 1482
4.33 1476
4.34 1505
4.36 1388
4.37 1364
4.38 1394
4.39 1383
4.41 1390
4.42 1307
4.43 1387
4.44 1322
4.45 1353
4.47 1331
4.48 1332
4.49 1389
4.5 1341
4.51 1347
4.53 1347
4.54 1371
4.55 1442
4.56 1369
4.58 1396
4.59 1350
4.6 1382
4.61 1410
4.62 1408
4.64 1334
4.65 1391
4.66 1305
4.67 1340
4.69 1341
4.7 1268
4.71 1307
4.72 1334
4.73 1410
4.75 1262
4.76 1386
4.77 1348
4.78 1321
4.79 1311
4.81 1306
4.82 1353
4.83 1312
4.84 1248
4.86 1245
4.87 1260
4.88 1238
4.89 1231
4.9 1221
4.92 1200
4.93 1225
4.94 1214
4.95 1230
4.97 1203
4.98 1194
4.99 1214
5.0 1160
5.01 1109
5.03 1136
5.04 1134
5.05 1106
5.06 1010
5.07 1090
5.09 1058
5.1 1054
5.11 1076
5.12 1076
5.14 1029
5.15 1054
5.16 1053
5.17 984
5.18 1145
5.2 1045
5.21 1017
5.22 1046
5.23 1059
5.25 1109
5.26 1080
5.27 1137
5.28 1108
5.29 1113
5.31 1108
5.32 1116
5.33 1136
5.34 1234
5.35 1194
5.37 1219
5.38 1266
5.39 1290
5.4 1418
5.42 1242
5.43 1339
5.44 1395
5.45 1432
5.46 1361
5.48 1341
5.49 1485
5.5 1470
5.51 1496
5.52 1493
5.54 1465
5.55 1583
5.56 1499
5.57 1515
5.59 1527
5.6 1609
5.61 1536
5.62 1595
5.63 1577
5.65 1615
5.66 1622
5.67 1646
5.68 1679
5.7 1680
5.71 1752
5.72 1768
5.73 1822
5.74 1698
5.76 1824
5.77 1901
5.78 1910
5.79 1871
5.8 1950
5.82 2111
5.83 2184
5.84 2468
5.85 2690
5.87 3077
5.88 3772
5.89 4492
5.9 5459
5.91 6492
5.93 7762
5.94 9129
5.95 10677
5.96 12286
5.98 13399
5.99 14530
6.0 14934
6.01 15117
6.02 14985
6.04 14337
6.05 13160
6.06 11967
6.07 10594
6.08 9249
6.1 7807
6.11 6359
6.12 5418
6.13 4526
6.15 3783
6.16 3317
6.17 2945
6.18 2709
6.19 2464
6.21 2590
6.22 2574
6.23 2487
6.24 2542
6.26 2512
6.27 2521
6.28 2642
6.29 2746
6.3 2782
6.32 2843
6.33 3019
6.34 3153
6.35 3225
6.36 3381
6.38 3513
6.39 3863
6.4 3728
6.41 3952
6.43 4111
6.44 4209
6.45 4496
6.46 4589
6.47 4686
6.49 4839
6.5 4911
6.51 4970
6.52 5034
6.53 5509
6.55 5460
6.56 5556
6.57 5776
6.58 5825
6.6 5942
6.61 5729
6.62 5836
6.63 5569
6.64 5549
6.66 5365
6.67 5088
6.68 4694
6.69 4610
6.71 4238
6.72 4064
6.73 3815
6.74 3742
6.75 3538
6.77 3368
6.78 3446
6.79 3312
6.8 3292
6.81 3341
6.83 3298
6.84 3263
6.85 3298
6.86 3177
6.88 3322
6.89 3160
6.9 3325
6.91 3299
6.92 3326
6.94 3347
6.95 3221
6.96 3299
6.97 3339
6.99 3384
7.0 3313
7.01 3435
7.02 3298
7.03 3376
7.05 3313
7.06 3380
7.07 3253
7.08 3263
7.09 3187
7.11 3140
7.12 3222
7.13 3073
7.14 3051
7.16 2998
7.17 2963
7.18 3012
7.19 2929
7.2 2929
7.22 2868
7.23 2917
7.24 2813
7.25 2943
7.27 2805
7.28 2877
7.29 2742
7.3 2819
7.31 2740
7.33 2704
7.34 2692
7.35 2671
7.36 2607
7.37 2597
7.39 2618
7.4 2509
7.41 2658
7.42 2538
7.44 2556
7.45 2567
7.46 2530
7.47 2564
7.48 2509
7.5 2546
7.51 2640
7.52 2664
7.53 2684
7.54 2618
7.56 2691
7.57 2704
7.58 2854
7.59 2914
7.61 2924
7.62 2848
7.63 2942
7.64 2986
7.65 2865
7.67 2953
7.68 3076
7.69 2980
7.7 2890
7.72 2848
7.73 2831
7.74 2828
7.75 2784
7.76 2744
7.78 2655
7.79 2723
7.8 2740
7.81 2738
7.82 2744
7.84 2778
7.85 2756
7.86 2967
7.87 2822
7.89 2899
7.9 2943
7.91 3004
7.92 3096
7.93 3211
7.95 3506
7.96 3779
7.97 4258
7.98 4767
8.0 5665
8.01 7107
8.02 9486
8.03 12675
8.04 17582
8.06 24797
8.07 34431
8.08 47295
8.09 64520
8.1 86076
8.12 113216
8.13 145071
8.14 180752
8.15 220486
8.17 260642
8.18 301579
8.19 338696
8.2 370111
8.21 393955
8.23 408599
8.24 414947
8.25 406444
8.26 386536
8.27 360689
8.29 326639
8.3 286570
8.31 245438
8.32 205171
8.34 167846
8.35 132090
8.36 101128
8.37 76444
8.38 55737
8.4 40681
8.41 28909
8.42 20225
8.43 14215
8.45 10026
8.46 7133
8.47 5512
8.48 4333
8.49 3802
8.51 3308
8.52 3069
8.53 3069
8.54 3015
8.55 3127
8.57 3262
8.58 3332
8.59 3705
8.6 4120
8.62 4879
8.63 5909
8.64 7701
8.65 9909
8.66 13067
8.68 17649
8.69 23785
8.7 31372
8.71 41381
8.73 53746
8.74 67633
8.75 83302
8.76 100876
8.77 119401
8.79 137122
8.8 154449
8.81 169739
8.82 180758
8.83 189405
8.85 192504
8.86 190791
8.87 184177
8.88 173006
8.9 158684
8.91 143058
8.92 125309
8.93 107894
8.94 90635
8.96 75157
8.97 62487
8.98 52463
8.99 44960
9.01 39560
9.02 37326
9.03 36647
9.04 38469
9.05 40872
9.07 43700
9.08 48060
9.09 51775
9.1 54481
9.11 56767
9.13 57495
9.14 57399
9.15 56072
9.16 52870
9.18 49412
9.19 44456
9.2 38841
9.21 33324
9.22 28034
9.24 23074
9.25 18301
9.26 14451
9.27 11276
9.28 8479
9.3 6273
9.31 4596
9.32 3413
9.33 2526
9.35 1843
9.36 1374
9.37 1079
9.38 936
9.39 807
9.41 721
9.42 708
9.43 633
9.44 616
9.46 592
9.47 698
9.48 674
9.49 677
9.5 684
9.52 744
9.53 732
9.54 746
9.55 819
9.56 852
9.58 941
9.59 980
9.6 1122
9.61 1341
9.63 1568
9.64 1890
9.65 2305
9.66 2917
9.67 3596
9.69 4383
9.7 5522
9.71 6508
9.72 8077
9.74 9394
9.75 10961
9.76 12148
9.77 13661
9.78 14754
9.8 15690
9.81 16303
9.82 16689
9.83 16685
9.84 15949
9.86 15269
9.87 14178
9.88 12662
9.89 11337
9.91 9846
9.92 8278
9.93 6833
9.94 5561
9.95 4524
9.97 3459
9.98 2688
9.99 2061
10.0 1654
10.02 1232
10.03 955
10.04 794
10.05 595
10.06 541
10.08 476
10.09 435
10.1 378
10.11 356
10.12 363
10.14 343
10.15 332
10.16 329
10.17 358
10.19 341
10.2 379
10.21 341
10.22 374
10.23 311
10.25 330
10.26 347
10.27 358
10.28 345
10.29 361
10.31 329
10.32 336
10.33 285
10.34 315
10.36 333
10.37 322
10.38 350
10.39 341
10.4 327
10.42 322
10.43 326
10.44 308
10.45 295
10.47 334
10.48 314
10.49 317
10.5 331
10.51 359
10.53 319
10.54 374
10.55 352
10.56 343
10.57 340
10.59 342
10.6 318
10.61 360
10.62 356
10.64 348
10.65 347
10.66 354
10.67 351
10.68 368
10.7 356
10.71 346
10.72 380
10.73 363
10.75 339
10.76 375
10.77 400
10.78 361
10.79 390
10.81 367
10.82 383
10.83 424
10.84 399
10.85 413
10.87 402
10.88 417
10.89 403
10.9 413
10.92 432
10.93 395
10.94 392
10.95 429
10.96 422
10.98 436
10.99 430
11.0 429
11.01 391
11.03 426
11.04 397
11.05 414
11.06 379
11.07 381
11.09 404
11.1 353
11.11 350
11.12 365
11.13 334
11.15 343
11.16 327
11.17 303
11.18 321
11.2 326
11.21 304
11.22 289
11.23 324
11.24 324
11.26 303
11.27 298
11.28 325
11.29 327
11.3 317
11.32 328
11.33 341
11.34 302
11.35 320
11.37 299
11.38 275
11.39 273
11.4 332
11.41 288
11.43 290
11.44 291
11.45 304
11.46 312
11.48 333
11.49 315
11.5 339
11.51 322
11.52 331
11.54 307
11.55 311
11.56 304
11.57 302
11.58 291
11.6 314
11.61 329
11.62 316
11.63 306
11.65 275
11.66 309
11.67 340
11.68 287
11.69 308
11.71 304
11.72 279
11.73 304
11.74 240
11.76 260
11.77 277
11.78 270
11.79 254
11.8 247
11.82 260
11.83 258
11.84 279
11.85 244
11.86 277
11.88 233
11.89 245
11.9 261
11.91 254
11.93 262
11.94 242
11.95 280
11.96 215
11.97 247
11.99 225
12.0 197
12.01 202
12.02 226
12.04 241
12.05 225
12.06 223
12.07 211
12.08 208
12.1 199
12.11 216
12.12 221
12.13 204
12.14 198
12.16 215
12.17 220
12.18 195
12.19 209
12.21 203
12.22 193
12.23 223
12.24 219
12.25 208
12.27 184
12.28 224
12.29 199
12.3 205
12.31 235
12.33 197
12.34 188
12.35 173
12.36 216
12.38 210
12.39 197
12.4 201
12.41 195
12.42 213
12.44 178
12.45 205
12.46 190
12.47 177
12.49 191
12.5 195
12.51 204
12.52 177
12.53 199
12.55 193
12.56 197
12.57 197
12.58 216
12.59 178
12.61 197
12.62 181
12.63 175
12.64 178
12.66 196
12.67 191
12.68 170
12.69 167
12.7 165
12.72 201
12.73 191
12.74 166
12.75 166
12.77 148
12.78 171
12.79 154
12.8 182
12.81 166
12.83 160
12.84 150
12.85 155
12.86 154
12.87 151
12.89 175
12.9 138
12.91 151
12.92 168
12.94 141
12.95 161
12.96 132
12.97 153
12.98 161
13.0 149
13.01 138
13.02 161
13.03 144
13.05 145
13.06 156
13.07 152
13.08 120
13.09 152
13.11 162
13.12 125
13.13 146
13.14 148
13.15 136
13.17 125
13.18 131
13.19 151
13.2 144
13.22 139
13.23 135
13.24 139
13.25 144
13.26 125
13.28 140
13.29 116
13.3 110
13.31 133
13.32 150
13.34 139
13.35 132
13.36 137
13.37 130
13.39 138
13.4 126
13.41 107
13.42 114
13.43 113
13.45 106
13.46 102
13.47 111
13.48 119
13.5 103
13.51 110
13.52 108
13.53 129
13.54 120
13.56 133
13.57 117
13.58 128
13.59 119
13.6 128
13.62 129
13.63 96
13.64 111
13.65 112
13.67 116
13.68 107
13.69 102
13.7 108
13.71 117
13.73 112
13.74 110
13.75 112
13.76 138
13.78 111
13.79 101
13.8 88
13.81 123
13.82 113
13.84 115
13.85 97
13.86 118
13.87 92
13.88 96
13.9 109
13.91 89
13.92 97
13.93 106
13.95 93
13.96 91
13.97 98
13.98 93
13.99 108
14.01 111
14.02 114
14.03 89
14.04 112
14.05 103
14.07 89
14.08 85
14.09 97
14.1 93
14.12 110
14.13 113
14.14 94
14.15 110
14.16 109
14.18 91
14.19 91
14.2 110
14.21 94
14.23 93
14.24 103
14.25 112
14.26 94
14.27 112
14.29 111
14.3 124
14.31 94
14.32 89
14.33 96
14.35 86
14.36 83
14.37 94
14.38 87
14.4 82
14.41 78
14.42 70
14.43 69
14.44 93
14.46 78
14.47 71
14.48 70
14.49 66
14.51 73
14.52 71
14.53 49
14.54 62
14.55 66
14.57 58
14.58 55
14.59 52
14.6 59
14.61 71
14.63 59
14.64 58
14.65 58
14.66 76
14.68 77
14.69 82
14.7 70
14.71 67
14.72 83
14.74 77
14.75 77
14.76 79
14.77 71
14.79 79
14.8 80
14.81 70
14.82 83
14.83 84
14.85 62
14.86 75
14.87 84
14.88 70
14.89 84
14.91 63
14.92 70
14.93 78
14.94 66
14.96 80
14.97 94
14.98 72
14.99 73
15.0 61
15.02 82
15.03 62
15.04 69
15.05 78
15.06 78
15.08 53
15.09 69
15.1 86
15.11 47
15.13 76
15.14 58
15.15 55
15.16 61
15.17 60
15.19 62
15.2 79
15.21 62
15.22 67
15.24 55
15.25 53
15.26 74
15.27 60
15.28 48
15.3 56
15.31 49
15.32 74
15.33 78
15.34 65
15.36 56
15.37 64
15.38 83
15.39 72
15.41 49
15.42 67
15.43 73
15.44 76
15.45 70
15.47 102
15.48 102
15.49 108
15.5 89
15.52 99
15.53 105
15.54 124
15.55 130
15.56 130
15.58 161
15.59 166
15.6 157
15.61 172
15.62 182
15.64 188
15.65 196
15.66 224
15.67 203
15.69 210
15.7 217
15.71 209
15.72 230
15.73 244
15.75 228
15.76 258
15.77 238
15.78 254
15.8 244
15.81 247
15.82 248
15.83 267
15.84 254
15.86 313
15.87 249
15.88 246
15.89 270
15.9 268
15.92 246
15.93 274
15.94 273
15.95 271
15.97 290
15.98 301
15.99 292
16.0 260
16.01 305
16.03 299
16.04 303
16.05 332
16.06 338
16.07 305
16.09 347
16.1 360
16.11 381
16.12 403
16.14 374
16.15 414
16.16 441
16.17 413
16.18 442
16.2 453
16.21 446
16.22 510
16.23 465
16.25 519
16.26 510
16.27 582
16.28 563
16.29 571
16.31 598
16.32 607
16.33 641
16.34 654
16.35 677
16.37 686
16.38 738
16.39 731
16.4 809
16.42 808
16.43 845
16.44 885
16.45 963
16.46 911
16.48 904
16.49 949
16.5 914
16.51 982
16.53 895
16.54 956
16.55 929
16.56 832
16.57 841
16.59 781
16.6 736
16.61 747
16.62 619
16.63 576
16.65 597
16.66 557
16.67 562
16.68 498
16.7 452
16.71 473
16.72 427
16.73 426
16.74 446
16.76 399
16.77 434
16.78 439
16.79 427
16.81 436
16.82 458
16.83 465
16.84 429
16.85 401
16.87 445
16.88 498
16.89 482
16.9 500
16.91 472
16.93 540
16.94 546
16.95 525
16.96 590
16.98 580
16.99 607
17.0 677
17.01 721
17.02 709
17.04 781
17.05 742
17.06 755
17.07 768
17.08 767
17.1 780
17.11 803
17.12 816
17.13 830
17.15 824
17.16 719
17.17 749
17.18 685
17.19 674
17.21 627
17.22 593
17.23 612
17.24 505
17.26 501
17.27 476
17.28 460
17.29 418
17.3 408
17.32 380
17.33 348
17.34 376
17.35 369
17.36 386
17.38 377
17.39 319
17.4 351
17.41 327
17.43 333
17.44 297
17.45 321
17.46 283
17.47 300
17.49 276
17.5 260
17.51 221
17.52 247
17.54 229
17.55 243
17.56 228
17.57 243
17.58 208
17.6 237
17.61 205
17.62 201
17.63 218
17.64 230
17.66 233
17.67 218
17.68 220
17.69 229
17.71 233
17.72 215
17.73 209
17.74 220
17.75 222
17.77 235
17.78 229
17.79 204
17.8 221
17.82 202
17.83 219
17.84 222
17.85 157
17.86 178
17.88 184
17.89 169
17.9 186
17.91 176
17.92 164
17.94 174
17.95 171
17.96 166
17.97 187
17.99 164
18.0 173
18.01 165
18.02 179
18.03 160
18.05 166
18.06 157
18.07 159
18.08 169
18.09 154
18.11 134
18.12 115
18.13 129
18.14 110
18.16 90
18.17 80
18.18 95
18.19 86
18.2 92
18.22 64
18.23 71
18.24 69
18.25 56
18.27 47
18.28 49
18.29 49
18.3 42
18.31 54
18.33 43
18.34 33
18.35 34
18.36 37
18.37 26
18.39 47
18.4 36
18.41 23
18.42 22
18.44 33
18.45 29
18.46 30
18.47 32
18.48 42
18.5 19
18.51 29
18.52 29
18.53 36
18.55 29
18.56 33
18.57 29
18.58 26
18.59 23
18.61 22
18.62 29
18.63 40
18.64 40
18.65 30
18.67 39
18.68 29
18.69 51
18.7 35
18.72 38
18.73 39
18.74 30
18.75 28
18.76 33
18.78 23
18.79 28
18.8 31
18.81 26
18.83 19
18.84 29
18.85 23
18.86 21
18.87 23
18.89 17
18.9 16
18.91 16
18.92 24
18.93 14
18.95 20
18.96 15
18.97 12
18.98 20
19.0 11
19.01 11
19.02 8
19.03 11
19.04 7
19.06 15
19.07 10
19.08 9
19.09 9
19.1 15
19.12 5
19.13 11
19.14 5
19.15 13
19.17 11
19.18 6
19.19 12
19.2 8
19.21 10
19.23 9
19.24 3
19.25 4
19.26 8
19.28 7
19.29 8
19.3 8
19.31 5
19.32 1
19.34 5
19.35 5
19.36 10
19.37 5
19.38 5
19.4 6
19.41 10
19.42 5
19.43 5
19.45 5
19.46 7
19.47 8
19.48 7
19.49 5
19.51 6
19.52 8
19.53 3
19.54 9
19.56 5
19.57 7
19.58 7
19.59 6
19.6 6
19.62 8
19.63 5
19.64 4
19.65 4
19.66 13
19.68 5
19.69 6
19.7 6
19.71 9
19.73 2
19.74 6
19.75 6
19.76 7
19.77 3
19.79 5
19.8 5
19.81 7
19.82 6
19.83 3
19.85 6
19.86 1
19.87 6
19.88 1
19.9 0
19.91 3
19.92 6
19.93 10
19.94 2
19.96 6
19.97 4
19.98 2
19.99 8
20.01 3
20.02 4
20.03 4
20.04 4
20.05 7
20.07 4
20.08 1
20.09 4
20.1 0
20.11 4
20.13 7
20.14 6
20.15 6
20.16 5
20.18 3
20.19 2
20.2 3
20.21 2
20.22 7
20.24 3
20.25 5
20.26 4
20.27 5
20.29 6
20.3 6
20.31 3
20.32 11
20.33 3
20.35 3
20.36 5
20.37 2
20.38 2
20.39 2
20.41 2
20.42 4
20.43 8
20.44 2
20.46 0
20.47 8
20.48 3
20.49 5
20.5 5
20.52 1
20.53 1
20.54 3
20.55 5
20.57 3
20.58 5
20.59 4
20.6 2
20.61 5
20.63 2
20.64 2
20.65 3
20.66 5
20.67 8
20.69 5
20.7 3
20.71 3
20.72 1
20.74 6
20.75 2
20.76 1
20.77 1
20.78 1
20.8 4
20.81 2
20.82 3
20.83 1
20.84 3
20.86 5
20.87 6
20.88 0
20.89 4
20.91 2
20.92 6
20.93 1
20.94 3
20.95 3
20.97 2
20.98 1
20.99 3
21.0 2
21.02 4
21.03 3
21.04 1
21.05 1
21.06 1
21.08 1
21.09 3
21.1 2
21.11 3
21.12 2
21.14 5
21.15 5
21.16 7
21.17 1
21.19 4
21.2 1
21.21 5
21.22 6
21.23 3
21.25 2
21.26 3
21.27 2
21.28 1
21.3 1
21.31 2
21.32 2
21.33 1
21.34 1
21.36 3
21.37 0
21.38 1
21.39 2
21.4 2
21.42 2
21.43 2
21.44 3
21.45 2
21.47 2
21.48 1
21.49 3
21.5 1
21.51 3
21.53 0
21.54 2
21.55 1
21.56 6
21.58 2
21.59 4
21.6 2
21.61 1
21.62 1
21.64 2
21.65 0
21.66 1
21.67 1
21.68 4
21.7 1
21.71 3
21.72 1
21.73 4
21.75 1
21.76 2
21.77 0
21.78 3
21.79 0
21.81 3
21.82 0
21.83 1
21.84 3
21.85 1
21.87 2
21.88 0
21.89 3
21.9 1
21.92 1
21.93 2
21.94 3
21.95 3
21.96 3
21.98 1
21.99 7
22.0 1
22.01 3
22.03 3
22.04 1
22.05 0
22.06 1
22.07 5
22.09 0
22.1 3
22.11 1
22.12 1
22.13 1
22.15 3
22.16 2
22.17 2
22.18 4
22.2 1
22.21 4
22.22 2
22.23 1
22.24 2
22.26 1
22.27 2
22.28 1
22.29 2
22.31 2
22.32 5
22.33 2
22.34 2
22.35 3
22.37 0
22.38 3
22.39 1
22.4 4
22.41 3
22.43 4
22.44 2
22.45 3
22.46 1
22.48 2
22.49 0
22.5 1
22.51 4
22.52 0
22.54 1
22.55 2
22.56 3
22.57 3
22.59 3
22.6 1
22.61 0
22.62 3
22.63 3
22.65 3
22.66 0
22.67 1
22.68 2
22.69 1
22.71 1
22.72 2
22.73 0
22.74 1
22.76 2
22.77 1
22.78 2
22.79 1
22.8 3
22.82 1
22.83 2
22.84 3
22.85 1
22.86 0
22.88 3
22.89 2
22.9 1
22.91 0
22.93 3
22.94 3
22.95 1
22.96 2
22.97 0
22.99 2
23.0 0
23.01 0
23.02 1
23.04 2
23.05 3
23.06 3
23.07 2
23.08 4
23.1 2
23.11 0
23.12 0
23.13 2
23.14 1
23.16 0
23.17 1
23.18 2
23.19 2
23.21 1
23.22 2
23.23 1
23.24 2
23.25 3
23.27 0
23.28 2
23.29 4
23.3 2
23.32 0
23.33 4
23.34 2
23.35 1
23.36 2
23.38 0
23.39 5
23.4 1
23.41 0
23.42 1
23.44 4
23.45 1
23.46 3
23.47 2
23.49 2
23.5 2
23.51 0
23.52 2
23.53 2
23.55 0
23.56 1
23.57 1
23.58 4
23.6 4
23.61 3
23.62 0
23.63 0
23.64 3
23.66 1
23.67 2
23.68 2
23.69 4
23.7 2
23.72 4
23.73 6
23.74 1
23.75 2
23.77 3
23.78 1
23.79 1
23.8 3
23.81 3
23.83 0
23.84 0
23.85 3
23.86 3
23.87 4
23.89 1
23.9 1
23.91 2
23.92 0
23.94 2
23.95 3
23.96 3
23.97 4
23.98 2
24.0 1
24.01 4
24.02 0
24.03 1
24.05 2
24.06 3
24.07 3
24.08 1
24.09 4
24.11 2
24.12 3
24.13 3
24.14 2
24.15 3
24.17 2
24.18 3
24.19 4
24.2 4
24.22 2
24.23 5
24.24 8
24.25 2
24.26 4
24.28 3
24.29 3
24.3 1
24.31 7
24.33 2
24.34 1
24.35 6
24.36 5
24.37 4
24.39 3
24.4 5
24.41 1
24.42 9
24.43 4
24.45 3
24.46 4
24.47 6
24.48 3
24.5 2
24.51 5
24.52 4
24.53 4
24.54 1
24.56 3
24.57 3
24.58 8
24.59 4
24.61 1
24.62 4
24.63 6
24.64 6
24.65 2
24.67 5
24.68 4
24.69 5
24.7 1
24.71 2
24.73 8
24.74 4
24.75 1
24.76 5
24.78 344
-0.11 0
-0.1 1
-0.09 0
-0.07 2
-0.06 0
-0.05 1
-0.04 2
-0.03 0
-0.01 0
