0.0 00
0.01 2
0.02 0
0.03 0
0.05 0
0.06 0
0.07 0
0.08 0
0.09 1
0.1 0
0.12 0
0.13 0
0.14 0
0.15 0
0.16 0
0.18 0
0.19 0
0.2 0
0.21 0
0.22 1
0.23 0
0.25 0
0.26 0
0.27 0
0.28 0
0.29 0
0.3 0
0.32 0
0.33 0
0.34 1
0.35 0
0.36 2
0.37 5
0.39 6
0.4 2
0.41 5
0.42 8
0.43 13
0.45 15
0.46 21
0.47 25
0.48 22
0.49 31
0.5 40
0.52 49
0.53 58
0.54 78
0.55 69
0.56 98
0.57 104
0.59 96
0.6 157
0.61 162
0.62 171
0.63 167
0.64 170
0.66 189
0.67 170
0.68 157
0.69 194
0.7 195
0.72 193
0.73 172
0.74 150
0.75 193
0.76 193
0.77 199
0.79 225
0.8 217
0.81 197
0.82 218
0.83 231
0.84 280
0.86 259
0.87 327
0.88 413
0.89 488
0.9 557
0.91 622
0.93 675
0.94 651
0.95 657
0.96 608
0.97 567
0.98 499
1.0 424
1.01 319
1.02 288
1.03 268
1.04 290
1.06 280
1.07 274
1.08 281
1.09 291
1.1 300
1.11 217
1.13 247
1.14 222
1.15 230
1.16 227
1.17 236
1.18 261
1.2 258
1.21 263
1.22 262
1.23 252
1.24 231
1.25 245
1.27 227
1.28 245
1.29 216
1.3 245
1.31 242
1.33 212
1.34 263
1.35 242
1.36 246
1.37 293
1.38 267
1.4 279
1.41 257
1.42 289
1.43 291
1.44 322
1.45 328
1.47 327
1.48 342
1.49 308
1.5 309
1.51 317
1.52 334
1.54 312
1.55 302
1.56 320
1.57 312
1.58 301
1.6 324
1.61 328
1.62 300
1.63 326
1.64 361
1.65 335
1.67 351
1.68 348
1.69 381
1.7 403
1.71 412
1.72 450
1.74 402
1.75 425
1.76 412
1.77 412
1.78 408
1.79 401
1.81 347
1.82 348
1.83 374
1.84 359
1.85 339
1.87 328
1.88 376
1.89 344
1.9 404
1.91 399
1.92 407
1.94 407
1.95 394
1.96 385
1.97 366
1.98 410
1.99 438
2.01 498
2.02 458
2.03 459
2.04 496
2.05 470
2.06 518
2.08 512
2.09 545
2.1 544
2.11 579
2.12 599
2.13 640
2.15 678
2.16 720
2.17 757
2.18 789
2.19 842
2.21 906
2.22 989
2.23 1073
2.24 1151
2.25 1240
2.26 1423
2.28 1600
2.29 1803
2.3 1972
2.31 2152
2.32 2398
2.33 2565
2.35 2715
2.36 2910
2.37 2971
2.38 3077
2.39 3103
2.4 3166
2.42 3084
2.43 3092
2.44 3051
2.45 3172
2.46 3115
2.48 3160
2.49 3263
2.5 3440
2.51 3552
2.52 3746
2.53 3933
2.55 4172
2.56 4706
2.57 5450
2.58 6500
2.59 8513
2.6 10761
2.62 14146
2.63 17859
2.64 22273
2.65 26221
2.66 30290
2.67 33174
2.69 34862
2.7 35140
2.71 33296
2.72 30334
2.73 26421
2.75 22472
2.76 18633
2.77 14873
2.78 12478
2.79 10652
2.8 9532
2.82 8757
2.83 8578
2.84 8223
2.85 7786
2.86 7276
2.87 6813
2.89 6513
2.9 6105
2.91 5895
2.92 5745
2.93 5436
2.94 5431
2.96 5231
2.97 5089
2.98 4605
2.99 4274
3.0 3589
3.02 3035
3.03 2579
3.04 2113
3.05 1763
3.06 1426
3.07 1251
3.09 1133
3.1 1138
3.11 1135
3.12 1192
3.13 1216
3.14 1270
3.16 1288
3.17 1289
3.18 1271
3.19 1170
3.2 1168
3.21 1204
3.23 1231
3.24 1158
3.25 1116
3.26 1217
3.27 1214
3.28 1304
3.3 1301
3.31 1353
3.32 1351
3.33 1411
3.34 1386
3.36 1343
3.37 1274
3.38 1300
3.39 1190
3.4 1216
3.41 1088
3.43 1124
3.44 1111
3.45 1045
3.46 1056
3.47 1077
3.48 1055
3.5 1107
3.51 1125
3.52 1116
3.53 1146
3.54 1250
3.55 1314
3.57 1303
3.58 1318
3.59 1374
3.6 1428
3.61 1520
3.63 1626
3.64 1613
3.65 1647
3.66 1619
3.67 1674
3.68 1774
3.7 1689
3.71 1754
3.72 1706
3.73 1683
3.74 1683
3.75 1682
3.77 1660
3.78 1581
3.79 1576
3.8 1579
3.81 1636
3.82 1603
3.84 1688
3.85 1617
3.86 1605
3.87 1785
3.88 1680
3.9 1733
3.91 1652
3.92 1680
3.93 1674
3.94 1728
3.95 1819
3.97 1828
3.98 1764
3.99 1770
4.0 1683
4.01 1776
4.02 1741
4.04 1726
4.05 1777
4.06 1809
4.07 1715
4.08 1727
4.09 1782
4.11 1761
4.12 1742
4.13 1734
4.14 1724
4.15 1718
4.17 1742
4.18 1587
4.19 1613
4.2 1597
4.21 1565
4.22 1565
4.24 1559
4.25 1504
4.26 1466
4.27 1465
4.28 1443
4.29 1445
4.31 1484
4.32 1512
4.33 1445
4.34 1427
4.35 1391
4.36 1371
4.38 1370
4.39 1344
4.4 1435
4.41 1367
4.42 1412
4.43 1382
4.45 1377
4.46 1307
4.47 1380
4.48 1342
4.49 1347
4.51 1457
4.52 1354
4.53 1336
4.54 1315
4.55 1366
4.56 1425
4.58 1308
4.59 1282
4.6 1294
4.61 1347
4.62 1227
4.63 1247
4.65 1240
4.66 1244
4.67 1299
4.68 1261
4.69 1273
4.7 1259
4.72 1222
4.73 1182
4.74 1193
4.75 1164
4.76 1209
4.78 1180
4.79 1252
4.8 1148
4.81 1139
4.82 1175
4.83 1170
4.85 1110
4.86 1094
4.87 1129
4.88 1060
4.89 1099
4.9 1057
4.92 1057
4.93 1069
4.94 1062
4.95 1027
4.96 991
4.97 1040
4.99 957
5.0 953
5.01 996
5.02 1014
5.03 974
5.05 965
5.06 972
5.07 1003
5.08 998
5.09 1030
5.1 954
5.12 978
5.13 1005
5.14 1035
5.15 1094
5.16 1080
5.17 1084
5.19 1112
5.2 1046
5.21 1138
5.22 1135
5.23 1141
5.24 1176
5.26 1180
5.27 1135
5.28 1222
5.29 1184
5.3 1276
5.32 1287
5.33 1235
5.34 1293
5.35 1323
5.36 1366
5.37 1353
5.39 1356
5.4 1442
5.41 1484
5.42 1402
5.43 1387
5.44 1434
5.46 1445
5.47 1470
5.48 1529
5.49 1468
5.5 1505
5.51 1519
5.53 1548
5.54 1518
5.55 1559
5.56 1584
5.57 1561
5.58 1583
5.6 1623
5.61 1655
5.62 1678
5.63 1691
5.64 1676
5.66 1749
5.67 1787
5.68 1840
5.69 1916
5.7 2022
5.71 2163
5.73 2351
5.74 2670
5.75 3113
5.76 3635
5.77 4607
5.78 5616
5.8 6927
5.81 8113
5.82 9837
5.83 11522
5.84 13035
5.85 14826
5.87 15907
5.88 16815
5.89 16870
5.9 16484
5.91 15813
5.93 14633
5.94 13258
5.95 11708
5.96 10051
5.97 8492
5.98 7071
6.0 5636
6.01 4812
6.02 4057
6.03 3428
6.04 2925
6.05 2722
6.07 2564
6.08 2503
6.09 2478
6.1 2503
6.11 2426
6.12 2639
6.14 2516
6.15 2622
6.16 2676
6.17 2728
6.18 2827
6.2 3059
6.21 3089
6.22 3113
6.23 3223
6.24 3396
6.25 3621
6.27 3732
6.28 3734
6.29 4123
6.3 4015
6.31 4175
6.32 4386
6.34 4448
6.35 4575
6.36 4760
6.37 4921
6.38 5049
6.39 5249
6.41 5396
6.42 5395
6.43 5629
6.44 5785
6.45 5869
6.47 6018
6.48 5653
6.49 5685
6.5 5559
6.51 5332
6.52 5014
6.54 4847
6.55 4624
6.56 4346
6.57 4121
6.58 3872
6.59 3744
6.61 3477
6.62 3393
6.63 3402
6.64 3324
6.65 3268
6.66 3143
6.68 3226
6.69 3161
6.7 3178
6.71 3163
6.72 3219
6.74 3108
6.75 3144
6.76 3198
6.77 3205
6.78 3222
6.79 3219
6.81 3325
6.82 3280
6.83 3306
6.84 3432
6.85 3378
6.86 3332
6.88 3338
6.89 3345
6.9 3312
6.91 3271
6.92 3282
6.93 3313
6.95 3092
6.96 3050
6.97 3073
6.98 3041
6.99 2924
7.0 3006
7.02 2953
7.03 2973
7.04 2920
7.05 2854
7.06 2840
7.08 2905
7.09 2925
7.1 2804
7.11 2788
7.12 2704
7.13 2734
7.15 2608
7.16 2725
7.17 2673
7.18 2673
7.19 2519
7.2 2511
7.22 2645
7.23 2536
7.24 2495
7.25 2438
7.26 2414
7.27 2363
7.29 2493
7.3 2436
7.31 2433
7.32 2478
7.33 2587
7.35 2589
7.36 2546
7.37 2656
7.38 2593
7.39 2733
7.4 2819
7.42 2785
7.43 2741
7.44 2795
7.45 2865
7.46 2896
7.47 2861
7.49 2865
7.5 2842
7.51 2788
7.52 2819
7.53 2753
7.54 2687
7.56 2672
7.57 2692
7.58 2568
7.59 2632
7.6 2639
7.62 2572
7.63 2590
7.64 2662
7.65 2658
7.66 2641
7.67 2672
7.69 2894
7.7 2732
7.71 2898
7.72 2976
7.73 3028
7.74 3135
7.76 3278
7.77 3512
7.78 3877
7.79 4404
7.8 5349
7.81 6594
7.83 8432
7.84 11619
7.85 15781
7.86 22311
7.87 30897
7.89 42990
7.9 58733
7.91 78595
7.92 103750
7.93 133803
7.94 167544
7.96 203442
7.97 243065
7.98 279618
7.99 316342
8.0 346937
8.01 369339
8.03 385452
8.04 393449
8.05 383882
8.06 368018
8.07 343333
8.08 311347
8.1 275729
8.11 235194
8.12 197215
8.13 161063
8.14 126865
8.15 98055
8.17 73507
8.18 54309
8.19 39492
8.2 28123
8.21 19244
8.23 13740
8.24 9784
8.25 6971
8.26 5383
8.27 4255
8.28 3607
8.3 3293
8.31 3015
8.32 3006
8.33 2980
8.34 3028
8.35 3103
8.37 3371
8.38 3572
8.39 4041
8.4 4750
8.41 5732
8.42 7392
8.44 9818
8.45 13026
8.46 17517
8.47 23740
8.48 31169
8.5 41389
8.51 53576
8.52 67510
8.53 84283
8.54 101858
8.55 121417
8.57 140428
8.58 156873
8.59 173533
8.6 185633
8.61 194367
8.62 199294
8.64 196607
8.65 190184
8.66 180528
8.67 165519
8.68 149008
8.69 130925
8.71 111987
8.72 94870
8.73 79241
8.74 65068
8.75 53261
8.77 45768
8.78 39517
8.79 36383
8.8 35491
8.81 36285
8.82 38926
8.84 41738
8.85 45294
8.86 48680
8.87 51505
8.88 53424
8.89 54560
8.91 54372
8.92 53279
8.93 50681
8.94 46857
8.95 42369
8.96 37326
8.98 32247
8.99 27326
9.0 22102
9.01 17732
9.02 13875
9.04 10914
9.05 8058
9.06 6147
9.07 4582
9.08 3299
9.09 2366
9.11 1809
9.12 1402
9.13 1086
9.14 917
9.15 762
9.16 735
9.18 688
9.19 683
9.2 661
9.21 684
9.22 652
9.23 676
9.25 644
9.26 769
9.27 754
9.28 785
9.29 780
9.3 839
9.32 884
9.33 908
9.34 1035
9.35 1143
9.36 1329
9.38 1638
9.39 1958
9.4 2433
9.41 2917
9.42 3807
9.43 4577
9.45 5682
9.46 6956
9.47 8270
9.48 9819
9.49 11725
9.5 13129
9.52 14318
9.53 15905
9.54 16838
9.55 17702
9.56 17866
9.57 17913
9.59 17384
9.6 16359
9.61 15455
9.62 13619
9.63 12145
9.65 10415
9.66 9101
9.67 7391
9.68 6114
9.69 4912
9.7 3885
9.72 3071
9.73 2318
9.74 1728
9.75 1397
9.76 1033
9.77 790
9.79 650
9.8 535
9.81 487
9.82 419
9.83 401
9.84 350
9.86 361
9.87 325
9.88 324
9.89 343
9.9 333
9.92 312
9.93 333
9.94 343
9.95 300
9.96 316
9.97 327
9.99 362
10.0 321
10.01 341
10.02 344
10.03 331
10.04 310
10.06 290
10.07 368
10.08 318
10.09 328
10.1 348
10.11 313
10.13 323
10.14 280
10.15 284
10.16 333
10.17 324
10.19 330
10.2 319
10.21 337
10.22 338
10.23 338
10.24 371
10.26 325
10.27 302
10.28 338
10.29 345
10.3 339
10.31 328
10.33 329
10.34 344
10.35 346
10.36 348
10.37 325
10.38 340
10.4 327
10.41 357
10.42 335
10.43 382
10.44 371
10.45 332
10.47 340
10.48 338
10.49 381
10.5 366
10.51 353
10.53 346
10.54 362
10.55 371
10.56 381
10.57 328
10.58 373
10.6 362
10.61 337
10.62 378
10.63 401
10.64 408
10.65 361
10.67 379
10.68 368
10.69 396
10.7 359
10.71 381
10.72 350
10.74 403
10.75 365
10.76 396
10.77 389
10.78 348
10.8 354
10.81 328
10.82 328
10.83 359
10.84 309
10.85 312
10.87 312
10.88 312
10.89 305
10.9 266
10.91 301
10.92 294
10.94 293
10.95 285
10.96 281
10.97 306
10.98 301
10.99 291
11.01 285
11.02 295
11.03 278
11.04 294
11.05 285
11.07 282
11.08 293
11.09 258
11.1 299
11.11 278
11.12 301
11.14 260
11.15 280
11.16 297
11.17 289
11.18 310
11.19 298
11.21 284
11.22 317
11.23 299
11.24 281
11.25 316
11.26 304
11.28 297
11.29 292
11.3 315
11.31 273
11.32 256
11.34 262
11.35 281
11.36 305
11.37 265
11.38 281
11.39 272
11.41 271
11.42 280
11.43 236
11.44 270
11.45 295
11.46 261
11.48 238
11.49 249
11.5 234
11.51 224
11.52 222
11.53 210
11.55 238
11.56 221
11.57 227
11.58 248
11.59 277
11.61 240
11.62 249
11.63 244
11.64 219
11.65 231
11.66 244
11.68 236
11.69 206
11.7 183
11.71 236
11.72 222
11.73 216
11.75 213
11.76 197
11.77 185
11.78 211
11.79 194
11.8 208
11.82 208
11.83 226
11.84 198
11.85 204
11.86 210
11.87 190
11.89 201
11.9 240
11.91 177
11.92 221
11.93 231
11.95 171
11.96 199
11.97 196
11.98 192
11.99 189
12.0 204
12.02 184
12.03 188
12.04 213
12.05 167
12.06 179
12.07 185
12.09 186
12.1 204
12.11 176
12.12 176
12.13 173
12.14 160
12.16 184
12.17 218
12.18 174
12.19 191
12.2 160
12.22 192
12.23 179
12.24 191
12.25 156
12.26 183
12.27 191
12.29 218
12.3 199
12.31 170
12.32 163
12.33 142
12.34 161
12.36 181
12.37 167
12.38 162
12.39 171
12.4 175
12.41 161
12.43 163
12.44 172
12.45 166
12.46 161
12.47 140
12.49 161
12.5 168
12.51 150
12.52 142
12.53 139
12.54 163
12.56 166
12.57 161
12.58 151
12.59 131
12.6 138
12.61 162
12.63 139
12.64 159
12.65 157
12.66 153
12.67 145
12.68 142
12.7 137
12.71 125
12.72 135
12.73 135
12.74 104
12.76 103
12.77 125
12.78 141
12.79 142
12.8 151
12.81 142
12.83 132
12.84 118
12.85 142
12.86 135
12.87 108
12.88 119
12.9 134
12.91 121
12.92 133
12.93 120
12.94 136
12.95 117
12.97 112
12.98 132
12.99 147
13.0 122
13.01 114
13.02 109
13.04 114
13.05 114
13.06 130
13.07 128
13.08 124
13.1 116
13.11 99
13.12 123
13.13 114
13.14 115
13.15 100
13.17 121
13.18 124
13.19 115
13.2 112
13.21 97
13.22 113
13.24 126
13.25 132
13.26 112
13.27 121
13.28 108
13.29 126
13.31 98
13.32 105
13.33 132
13.34 105
13.35 128
13.37 104
13.38 99
13.39 109
13.4 96
13.41 105
13.42 104
13.44 109
13.45 109
13.46 90
13.47 104
13.48 107
13.49 111
13.51 102
13.52 99
13.53 94
13.54 96
13.55 98
13.56 93
13.58 111
13.59 99
13.6 96
13.61 116
13.62 88
13.64 89
13.65 90
13.66 91
13.67 101
13.68 111
13.69 103
13.71 65
13.72 98
13.73 81
13.74 99
13.75 87
13.76 92
13.78 83
13.79 107
13.8 127
13.81 94
13.82 101
13.83 102
13.85 112
13.86 104
13.87 114
13.88 97
13.89 97
13.91 122
13.92 93
13.93 87
13.94 88
13.95 90
13.96 102
13.98 93
13.99 77
14.0 84
14.01 66
14.02 85
14.03 73
14.05 72
14.06 57
14.07 60
14.08 73
14.09 58
14.1 57
14.12 72
14.13 59
14.14 60
14.15 47
14.16 59
14.17 59
14.19 59
14.2 48
14.21 70
14.22 51
14.23 72
14.25 70
14.26 80
14.27 86
14.28 59
14.29 81
14.3 63
14.32 73
14.33 80
14.34 70
14.35 63
14.36 71
14.37 76
14.39 77
14.4 77
14.41 86
14.42 100
14.43 81
14.44 71
14.46 84
14.47 78
14.48 68
14.49 87
14.5 102
14.52 70
14.53 82
14.54 67
14.55 76
14.56 71
14.57 77
14.59 68
14.6 75
14.61 58
14.62 80
14.63 71
14.64 63
14.66 70
14.67 56
14.68 58
14.69 57
14.7 48
14.71 61
14.73 60
14.74 66
14.75 50
14.76 45
14.77 52
14.79 54
14.8 49
14.81 55
14.82 68
14.83 61
14.84 65
14.86 79
14.87 51
14.88 68
14.89 62
14.9 60
14.91 57
14.93 56
14.94 68
14.95 58
14.96 62
14.97 72
14.98 65
15.0 75
15.01 90
15.02 83
15.03 81
15.04 97
15.06 96
15.07 105
15.08 112
15.09 116
15.1 126
15.11 165
15.13 148
15.14 151
15.15 156
15.16 181
15.17 184
15.18 172
15.2 201
15.21 179
15.22 190
15.23 185
15.24 221
15.25 204
15.27 217
15.28 215
15.29 208
15.3 235
15.31 226
15.32 239
15.34 224
15.35 251
15.36 216
15.37 214
15.38 228
15.4 249
15.41 243
15.42 214
15.43 241
15.44 245
15.45 262
15.47 244
15.48 251
15.49 228
15.5 248
15.51 253
15.52 284
15.54 301
15.55 277
15.56 290
15.57 307
15.58 332
15.59 308
15.61 330
15.62 352
15.63 377
15.64 359
15.65 360
15.67 356
15.68 345
15.69 394
15.7 424
15.71 422
15.72 454
15.74 453
15.75 459
15.76 458
15.77 481
15.78 495
15.79 520
15.81 521
15.82 520
15.83 568
15.84 602
15.85 598
15.86 658
15.88 620
15.89 619
15.9 660
15.91 695
15.92 783
15.94 786
15.95 787
15.96 816
15.97 833
15.98 867
15.99 835
16.01 866
16.02 915
16.03 832
16.04 857
16.05 798
16.06 799
16.08 744
16.09 735
16.1 707
16.11 665
16.12 655
16.13 553
16.15 586
16.16 526
16.17 494
16.18 479
16.19 461
16.21 447
16.22 414
16.23 427
16.24 402
16.25 400
16.26 386
16.28 402
16.29 391
16.3 355
16.31 419
16.32 410
16.33 395
16.35 434
16.36 448
16.37 447
16.38 480
16.39 510
16.4 479
16.42 462
16.43 539
16.44 558
16.45 561
16.46 577
16.48 608
16.49 633
16.5 636
16.51 694
16.52 688
16.53 743
16.55 758
16.56 816
16.57 763
16.58 786
16.59 752
16.6 722
16.62 810
16.63 846
16.64 699
16.65 726
16.66 651
16.67 676
16.69 637
16.7 604
16.71 575
16.72 500
16.73 494
16.74 481
16.76 428
16.77 399
16.78 370
16.79 408
16.8 358
16.82 350
16.83 368
16.84 338
16.85 350
16.86 343
16.87 293
16.89 307
16.9 299
16.91 253
16.92 278
16.93 308
16.94 274
16.96 239
16.97 260
16.98 249
16.99 251
17.0 249
17.01 256
17.03 224
17.04 235
17.05 199
17.06 211
17.07 247
17.09 216
17.1 235
17.11 215
17.12 227
17.13 241
17.14 232
17.16 232
17.17 254
17.18 244
17.19 222
17.2 227
17.21 227
17.23 263
17.24 219
17.25 202
17.26 212
17.27 212
17.28 205
17.3 198
17.31 189
17.32 197
17.33 181
17.34 174
17.36 162
17.37 150
17.38 175
17.39 172
17.4 160
17.41 155
17.43 180
17.44 148
17.45 165
17.46 158
17.47 152
17.48 143
17.5 150
17.51 135
17.52 127
17.53 150
17.54 138
17.55 122
17.57 128
17.58 110
17.59 140
17.6 112
17.61 80
17.63 114
17.64 103
17.65 100
17.66 73
17.67 60
17.68 71
17.7 57
17.71 47
17.72 50
17.73 36
17.74 55
17.75 36
17.77 41
17.78 33
17.79 40
17.8 32
17.81 27
17.82 29
17.84 46
17.85 25
17.86 30
17.87 41
17.88 29
17.89 34
17.91 39
17.92 36
17.93 29
17.94 29
17.95 35
17.97 35
17.98 34
17.99 38
18.0 34
18.01 35
18.02 39
18.04 32
18.05 40
18.06 38
18.07 37
18.08 41
18.09 36
18.11 32
18.12 38
18.13 34
18.14 40
18.15 27
18.16 39
18.18 29
18.19 49
18.2 44
18.21 39
18.22 26
18.24 32
18.25 28
18.26 26
18.27 17
18.28 29
18.29 24
18.31 21
18.32 20
18.33 25
18.34 14
18.35 18
18.36 21
18.38 15
18.39 18
18.4 13
18.41 12
18.42 9
18.43 12
18.45 6
18.46 13
18.47 8
18.48 12
18.49 3
18.51 16
18.52 11
18.53 8
18.54 5
18.55 9
18.56 10
18.58 8
18.59 6
18.6 3
18.61 10
18.62 9
18.63 3
18.65 7
18.66 5
18.67 4
18.68 5
18.69 7
18.7 1
18.72 11
18.73 2
18.74 4
18.75 4
18.76 4
18.78 4
18.79 4
18.8 6
18.81 4
18.82 4
18.83 4
18.85 2
18.86 4
18.87 1
18.88 7
18.89 8
18.9 6
18.92 7
18.93 7
18.94 3
18.95 4
18.96 4
18.97 7
18.99 4
19.0 5
19.01 8
19.02 6
19.03 8
19.04 9
19.06 4
19.07 4
19.08 9
19.09 4
19.1 5
19.12 4
19.13 5
19.14 9
19.15 5
19.16 5
19.17 5
19.19 9
19.2 6
19.21 12
19.22 6
19.23 9
19.24 6
19.26 4
19.27 3
19.28 6
19.29 2
19.3 8
19.31 4
19.33 2
19.34 5
19.35 3
19.36 8
19.37 4
19.39 2
19.4 4
19.41 5
19.42 2
19.43 4
19.44 8
19.46 4
19.47 8
19.48 4
19.49 0
19.5 3
19.51 4
19.53 4
19.54 3
19.55 3
19.56 2
19.57 3
19.58 4
19.6 1
19.61 2
19.62 1
19.63 2
19.64 6
19.66 5
19.67 2
19.68 3
19.69 6
19.7 3
19.71 6
19.73 1
19.74 1
19.75 2
19.76 3
19.77 4
19.78 5
19.8 3
19.81 3
19.82 3
19.83 1
19.84 5
19.85 3
19.87 5
19.88 5
19.89 4
19.9 2
19.91 1
19.93 2
19.94 4
19.95 2
19.96 8
19.97 4
19.98 2
20.0 4
20.01 5
20.02 3
20.03 1
20.04 6
20.05 1
20.07 2
20.08 2
20.09 1
20.1 2
20.11 3
20.12 3
20.14 4
20.15 4
20.16 5
20.17 1
20.18 6
20.19 1
20.21 5
20.22 4
20.23 2
20.24 5
20.25 5
20.27 4
20.28 5
20.29 2
20.3 4
20.31 2
20.32 2
20.34 1
20.35 3
20.36 2
20.37 2
20.38 1
20.39 7
20.41 3
20.42 4
20.43 0
20.44 0
20.45 6
20.46 2
20.48 1
20.49 1
20.5 2
20.51 2
20.52 2
20.54 2
20.55 2
20.56 1
20.57 7
20.58 3
20.59 2
20.61 1
20.62 1
20.63 3
20.64 3
20.65 1
20.66 2
20.68 3
20.69 5
20.7 2
20.71 3
20.72 4
20.73 3
20.75 3
20.76 3
20.77 2
20.78 2
20.79 5
20.81 0
20.82 4
20.83 1
20.84 3
20.85 2
20.86 3
20.88 2
20.89 3
20.9 3
20.91 0
20.92 4
20.93 4
20.95 0
20.96 2
20.97 3
20.98 0
20.99 3
21.0 1
21.02 1
21.03 1
21.04 5
21.05 2
21.06 1
21.08 1
21.09 2
21.1 0
21.11 1
21.12 2
21.13 1
21.15 1
21.16 2
21.17 2
21.18 2
21.19 1
21.2 1
21.22 2
21.23 3
21.24 2
21.25 1
21.26 1
21.27 1
21.29 1
21.3 2
21.31 1
21.32 1
21.33 1
21.34 2
21.36 2
21.37 1
21.38 0
21.39 0
21.4 4
21.42 2
21.43 2
21.44 1
21.45 1
21.46 0
21.47 3
21.49 3
21.5 1
21.51 3
21.52 2
21.53 4
21.54 3
21.56 4
21.57 0
21.58 3
21.59 0
21.6 3
21.61 0
21.63 2
21.64 3
21.65 2
21.66 2
21.67 2
21.69 1
21.7 1
21.71 3
21.72 2
21.73 1
21.74 2
21.76 0
21.77 1
21.78 1
21.79 1
21.8 2
21.81 3
21.83 3
21.84 1
21.85 4
21.86 2
21.87 1
21.88 1
21.9 0
21.91 4
21.92 1
21.93 1
21.94 2
21.96 2
21.97 1
21.98 1
21.99 1
22.0 4
22.01 2
22.03 0
22.04 0
22.05 1
22.06 2
22.07 3
22.08 0
22.1 1
22.11 3
22.12 0
22.13 1
22.14 3
22.15 3
22.17 1
22.18 1
22.19 3
22.2 0
22.21 3
22.23 1
22.24 4
22.25 1
22.26 2
22.27 3
22.28 0
22.3 2
22.31 1
22.32 2
22.33 1
22.34 2
22.35 1
22.37 2
22.38 0
22.39 0
22.4 2
22.41 4
22.42 2
22.44 2
22.45 2
22.46 1
22.47 0
22.48 1
22.5 2
22.51 3
22.52 2
22.53 1
22.54 2
22.55 4
22.57 1
22.58 2
22.59 3
22.6 1
22.61 2
22.62 2
22.64 2
22.65 3
22.66 2
22.67 3
22.68 1
22.69 3
22.71 1
22.72 3
22.73 2
22.74 1
22.75 8
22.76 5
22.78 3
22.79 4
22.8 2
22.81 1
22.82 3
22.84 1
22.85 2
22.86 3
22.87 0
22.88 1
22.89 4
22.91 1
22.92 5
22.93 2
22.94 2
22.95 2
22.96 2
22.98 0
22.99 2
23.0 1
23.01 1
23.02 0
23.03 1
23.05 1
23.06 0
23.07 1
23.08 5
23.09 4
23.11 1
23.12 1
23.13 4
23.14 1
23.15 2
23.16 1
23.18 3
23.19 2
23.2 2
23.21 4
23.22 6
23.23 4
23.25 1
23.26 1
23.27 5
23.28 6
23.29 2
23.3 1
23.32 6
23.33 4
23.34 1
23.35 3
23.36 3
23.38 3
23.39 7
23.4 2
23.41 0
23.42 3
23.43 4
23.45 3
23.46 4
23.47 3
23.48 3
23.49 3
23.5 4
23.52 3
23.53 3
23.54 4
23.55 1
23.56 6
23.57 1
23.59 2
23.6 2
23.61 2
23.62 2
23.63 3
23.65 3
23.66 0
23.67 5
23.68 3
23.69 5
23.7 0
23.72 3
23.73 5
23.74 4
23.75 1
23.76 1
23.77 2
23.79 0
23.8 4
23.81 3
23.82 3
23.83 1
23.84 2
23.86 1
23.87 1
23.88 4
23.89 5
23.9 2
23.91 2
23.93 4
23.94 2
23.95 3
23.96 2
23.97 4
23.99 319
-0.01 0
