0.0 10
0.01 0
0.02 0
0.03 0
0.05 0
0.06 0
0.07 1
0.08 0
0.09 0
0.1 0
0.12 0
0.13 0
0.14 0
0.15 0
0.16 0
0.17 0
0.19 0
0.2 0
0.21 0
0.22 0
0.23 0
0.24 0
0.26 0
0.27 0
0.28 0
0.29 0
0.3 1
0.32 0
0.33 0
0.34 0
0.35 1
0.36 1
0.37 0
0.39 3
0.4 9
0.41 7
0.42 6
0.43 16
0.44 10
0.46 19
0.47 25
0.48 22
0.49 38
0.5 37
0.51 43
0.53 76
0.54 60
0.55 82
0.56 98
0.57 114
0.59 129
0.6 148
0.61 149
0.62 161
0.63 162
0.64 152
0.66 167
0.67 191
0.68 186
0.69 180
0.7 172
0.71 169
0.73 171
0.74 154
0.75 199
0.76 189
0.77 184
0.78 181
0.8 194
0.81 202
0.82 237
0.83 262
0.84 270
0.86 305
0.87 390
0.88 395
0.89 488
0.9 600
0.91 681
0.93 690
0.94 720
0.95 722
0.96 669
0.97 582
0.98 487
1.0 402
1.01 344
1.02 252
1.03 274
1.04 274
1.05 249
1.07 287
1.08 280
1.09 284
1.1 274
1.11 238
1.12 233
1.14 236
1.15 241
1.16 230
1.17 229
1.18 241
1.2 252
1.21 253
1.22 245
1.23 229
1.24 232
1.25 235
1.27 252
1.28 257
1.29 224
1.3 282
1.31 222
1.32 254
1.34 238
1.35 255
1.36 288
1.37 300
1.38 307
1.39 290
1.41 298
1.42 320
1.43 281
1.44 308
1.45 294
1.47 321
1.48 314
1.49 306
1.5 301
1.51 324
1.52 299
1.54 303
1.55 323
1.56 322
1.57 300
1.58 304
1.59 321
1.61 322
1.62 269
1.63 323
1.64 319
1.65 320
1.66 364
1.68 333
1.69 419
1.7 400
1.71 440
1.72 445
1.74 452
1.75 456
1.76 441
1.77 420
1.78 420
1.79 396
1.81 342
1.82 383
1.83 352
1.84 353
1.85 373
1.86 357
1.88 361
1.89 368
1.9 402
1.91 374
1.92 388
1.93 406
1.95 392
1.96 407
1.97 404
1.98 437
1.99 460
2.01 424
2.02 463
2.03 493
2.04 479
2.05 476
2.06 467
2.08 501
2.09 578
2.1 545
2.11 592
2.12 608
2.13 662
2.15 631
2.16 705
2.17 686
2.18 800
2.19 876
2.2 889
2.22 967
2.23 1033
2.24 1163
2.25 1267
2.26 1359
2.27 1581
2.29 1648
2.3 1966
2.31 2146
2.32 2347
2.33 2536
2.35 2819
2.36 2945
2.37 2968
2.38 3104
2.39 3139
2.4 3191
2.42 3123
2.43 3151
2.44 3099
2.45 3328
2.46 3216
2.47 3358
2.49 3414
2.5 3559
2.51 3637
2.52 3823
2.53 3984
2.54 4309
2.56 4625
2.57 5540
2.58 6623
2.59 8454
2.6 11007
2.62 14379
2.63 18535
2.64 23762
2.65 28541
2.66 32911
2.67 36665
2.69 38906
2.7 38855
2.71 36676
2.72 33640
2.73 29059
2.74 24056
2.76 20183
2.77 16043
2.78 13030
2.79 11195
2.8 10190
2.81 9270
2.83 9062
2.84 8635
2.85 8186
2.86 7777
2.87 7287
2.89 6692
2.9 6481
2.91 6123
2.92 6017
2.93 5730
2.94 5670
2.96 5435
2.97 5276
2.98 4714
2.99 4286
3.0 3697
3.01 3147
3.03 2648
3.04 2196
3.05 1738
3.06 1484
3.07 1265
3.08 1111
3.1 1045
3.11 1110
3.12 1128
3.13 1178
3.14 1152
3.15 1217
3.17 1219
3.18 1201
3.19 1206
3.2 1238
3.21 1143
3.23 1020
3.24 998
3.25 1039
3.26 1023
3.27 1069
3.28 1155
3.3 1142
3.31 1158
3.32 1260
3.33 1310
3.34 1226
3.35 1316
3.37 1324
3.38 1191
3.39 1156
3.4 1085
3.41 1084
3.42 1121
3.44 1003
3.45 999
3.46 1025
3.47 967
3.48 1047
3.5 1090
3.51 1097
3.52 1101
3.53 1108
3.54 1185
3.55 1273
3.57 1288
3.58 1286
3.59 1277
3.6 1359
3.61 1492
3.62 1440
3.64 1517
3.65 1490
3.66 1529
3.67 1513
3.68 1585
3.69 1517
3.71 1509
3.72 1516
3.73 1501
3.74 1633
3.75 1499
3.77 1538
3.78 1513
3.79 1519
3.8 1561
3.81 1602
3.82 1571
3.84 1600
3.85 1575
3.86 1665
3.87 1628
3.88 1660
3.89 1605
3.91 1622
3.92 1550
3.93 1624
3.94 1673
3.95 1603
3.96 1609
3.98 1619
3.99 1618
4.0 1658
4.01 1626
4.02 1639
4.04 1640
4.05 1568
4.06 1614
4.07 1576
4.08 1547
4.09 1566
4.11 1574
4.12 1564
4.13 1616
4.14 1521
4.15 1528
4.16 1545
4.18 1467
4.19 1523
4.2 1572
4.21 1455
4.22 1473
4.23 1456
4.25 1383
4.26 1434
4.27 1294
4.28 1418
4.29 1309
4.3 1369
4.32 1337
4.33 1350
4.34 1274
4.35 1293
4.36 1276
4.38 1227
4.39 1197
4.4 1153
4.41 1230
4.42 1188
4.43 1106
4.45 1174
4.46 1129
4.47 1193
4.48 1160
4.49 1192
4.5 1138
4.52 1141
4.53 1102
4.54 1198
4.55 1134
4.56 1154
4.57 1109
4.59 1127
4.6 1061
4.61 1060
4.62 1168
4.63 1098
4.65 1026
4.66 1109
4.67 1122
4.68 1128
4.69 1061
4.7 1081
4.72 1145
4.73 1104
4.74 1132
4.75 1012
4.76 1170
4.77 1102
4.79 1115
4.8 1076
4.81 1066
4.82 1012
4.83 1043
4.84 1031
4.86 1055
4.87 1010
4.88 1024
4.89 1014
4.9 1041
4.92 1009
4.93 1005
4.94 996
4.95 985
4.96 964
4.97 1047
4.99 945
5.0 934
5.01 990
5.02 967
5.03 883
5.04 909
5.06 1007
5.07 959
5.08 979
5.09 959
5.1 997
5.11 954
5.13 993
5.14 960
5.15 975
5.16 968
5.17 952
5.18 980
5.2 967
5.21 963
5.22 943
5.23 1044
5.24 1015
5.26 1068
5.27 1072
5.28 1109
5.29 1039
5.3 1109
5.31 1090
5.33 1108
5.34 1173
5.35 1208
5.36 1214
5.37 1276
5.38 1261
5.4 1309
5.41 1306
5.42 1309
5.43 1316
5.44 1319
5.45 1283
5.47 1379
5.48 1331
5.49 1338
5.5 1395
5.51 1359
5.53 1468
5.54 1319
5.55 1407
5.56 1388
5.57 1433
5.58 1457
5.6 1477
5.61 1534
5.62 1557
5.63 1513
5.64 1558
5.65 1637
5.67 1678
5.68 1669
5.69 1730
5.7 1763
5.71 1781
5.72 1970
5.74 2262
5.75 2644
5.76 2990
5.77 3625
5.78 4262
5.8 5173
5.81 6178
5.82 7287
5.83 8584
5.84 9687
5.85 10864
5.87 11772
5.88 12536
5.89 12745
5.9 12702
5.91 12013
5.92 11148
5.94 10178
5.95 9241
5.96 7799
5.97 6666
5.98 5694
5.99 4736
6.01 4066
6.02 3353
6.03 2964
6.04 2647
6.05 2373
6.07 2413
6.08 2328
6.09 2268
6.1 2229
6.11 2224
6.12 2285
6.14 2383
6.15 2330
6.16 2373
6.17 2507
6.18 2634
6.19 2679
6.21 2686
6.22 2774
6.23 2827
6.24 3055
6.25 3142
6.26 3173
6.28 3302
6.29 3463
6.3 3553
6.31 3624
6.32 3734
6.33 3744
6.35 3778
6.36 3963
6.37 3937
6.38 4159
6.39 4289
6.41 4259
6.42 4306
6.43 4509
6.44 4507
6.45 4756
6.46 4464
6.48 4640
6.49 4625
6.5 4556
6.51 4308
6.52 4103
6.53 4020
6.55 3808
6.56 3623
6.57 3477
6.58 3276
6.59 3193
6.6 3073
6.62 2934
6.63 2956
6.64 2853
6.65 2683
6.66 2735
6.68 2710
6.69 2802
6.7 2648
6.71 2766
6.72 2693
6.73 2776
6.75 2727
6.76 2746
6.77 2752
6.78 2726
6.79 2778
6.8 2918
6.82 2813
6.83 2877
6.84 2892
6.85 2924
6.86 2958
6.87 2896
6.89 2728
6.9 2835
6.91 2795
6.92 2817
6.93 2857
6.95 2762
6.96 2666
6.97 2606
6.98 2641
6.99 2620
7.0 2579
7.02 2615
7.03 2437
7.04 2411
7.05 2392
7.06 2515
7.07 2461
7.09 2461
7.1 2334
7.11 2462
7.12 2413
7.13 2267
7.14 2363
7.16 2352
7.17 2270
7.18 2282
7.19 2246
7.2 2294
7.21 2173
7.23 2160
7.24 2202
7.25 2192
7.26 2243
7.27 2129
7.29 2105
7.3 2146
7.31 2129
7.32 2162
7.33 2211
7.34 2222
7.36 2256
7.37 2258
7.38 2280
7.39 2263
7.4 2364
7.41 2348
7.43 2363
7.44 2442
7.45 2480
7.46 2544
7.47 2482
7.48 2413
7.5 2489
7.51 2380
7.52 2424
7.53 2298
7.54 2260
7.56 2230
7.57 2201
7.58 2230
7.59 2187
7.6 2229
7.61 2246
7.63 2105
7.64 2266
7.65 2183
7.66 2312
7.67 2350
7.68 2271
7.7 2440
7.71 2491
7.72 2450
7.73 2534
7.74 2695
7.75 2778
7.77 2936
7.78 3265
7.79 3529
7.8 4266
7.81 5376
7.83 6945
7.84 9291
7.85 12607
7.86 17855
7.87 24984
7.88 35062
7.9 48293
7.91 64805
7.92 85997
7.93 112039
7.94 140621
7.95 173145
7.97 208178
7.98 241537
7.99 273104
8.0 302534
8.01 323292
8.02 337991
8.04 344119
8.05 338005
8.06 324740
8.07 303464
8.08 274917
8.09 241919
8.11 208776
8.12 174576
8.13 141837
8.14 111613
8.15 85999
8.17 64897
8.18 47334
8.19 34220
8.2 24427
8.21 16880
8.22 11769
8.24 8354
8.25 6039
8.26 4602
8.27 3637
8.28 3157
8.29 2845
8.31 2662
8.32 2482
8.33 2574
8.34 2584
8.35 2792
8.36 2829
8.38 3173
8.39 3432
8.4 4060
8.41 4976
8.42 6128
8.44 7969
8.45 10776
8.46 14503
8.47 19933
8.48 26403
8.49 35118
8.51 45864
8.52 58671
8.53 72648
8.54 88963
8.55 106135
8.56 123790
8.58 140189
8.59 154589
8.6 166093
8.61 174516
8.62 179757
8.63 179008
8.65 172745
8.66 163791
8.67 151037
8.68 135509
8.69 119269
8.71 102145
8.72 85899
8.73 71251
8.74 58747
8.75 47558
8.76 39700
8.78 34350
8.79 31806
8.8 30871
8.81 31465
8.82 33210
8.83 35957
8.85 39358
8.86 42385
8.87 45258
8.88 47021
8.89 48350
8.9 47503
8.92 47120
8.93 44424
8.94 41170
8.95 37599
8.96 33252
8.98 28859
8.99 23952
9.0 19498
9.01 15875
9.02 12354
9.03 9664
9.05 7176
9.06 5384
9.07 3935
9.08 2936
9.09 2096
9.1 1670
9.12 1254
9.13 963
9.14 771
9.15 770
9.16 659
9.17 626
9.19 606
9.2 633
9.21 610
9.22 626
9.23 656
9.24 661
9.26 640
9.27 668
9.28 696
9.29 719
9.3 805
9.32 824
9.33 913
9.34 947
9.35 1093
9.36 1184
9.37 1419
9.39 1689
9.4 2101
9.41 2568
9.42 3297
9.43 3943
9.44 5009
9.46 5993
9.47 7391
9.48 8581
9.49 10050
9.5 11674
9.51 12923
9.53 14274
9.54 15307
9.55 15837
9.56 16313
9.57 16190
9.59 15819
9.6 15031
9.61 14168
9.62 12743
9.63 11235
9.64 9969
9.66 8338
9.67 6988
9.68 5611
9.69 4503
9.7 3486
9.71 2857
9.73 2169
9.74 1575
9.75 1236
9.76 933
9.77 701
9.78 604
9.8 475
9.81 427
9.82 378
9.83 345
9.84 327
9.86 322
9.87 321
9.88 289
9.89 318
9.9 300
9.91 301
9.93 291
9.94 306
9.95 296
9.96 305
9.97 280
9.98 283
10.0 305
10.01 291
10.02 290
10.03 288
10.04 282
10.05 305
10.07 292
10.08 240
10.09 291
10.1 300
10.11 263
10.12 282
10.14 290
10.15 280
10.16 283
10.17 284
10.18 262
10.2 318
10.21 272
10.22 280
10.23 303
10.24 311
10.25 279
10.27 310
10.28 291
10.29 296
10.3 312
10.31 315
10.32 291
10.34 329
10.35 329
10.36 296
10.37 308
10.38 318
10.39 334
10.41 311
10.42 325
10.43 340
10.44 323
10.45 310
10.47 347
10.48 311
10.49 329
10.5 349
10.51 362
10.52 317
10.54 328
10.55 340
10.56 312
10.57 301
10.58 315
10.59 324
10.61 312
10.62 351
10.63 374
10.64 331
10.65 344
10.66 357
10.68 350
10.69 355
10.7 361
10.71 324
10.72 366
10.74 343
10.75 342
10.76 336
10.77 328
10.78 317
10.79 305
10.81 311
10.82 280
10.83 322
10.84 301
10.85 271
10.86 269
10.88 268
10.89 270
10.9 264
10.91 273
10.92 253
10.93 284
10.95 283
10.96 295
10.97 301
10.98 300
10.99 278
11.01 257
11.02 262
11.03 263
11.04 297
11.05 262
11.06 243
11.08 273
11.09 241
11.1 252
11.11 252
11.12 272
11.13 271
11.15 266
11.16 260
11.17 280
11.18 258
11.19 269
11.2 286
11.22 274
11.23 268
11.24 273
11.25 276
11.26 245
11.27 268
11.29 270
11.3 271
11.31 289
11.32 265
11.33 253
11.35 255
11.36 263
11.37 246
11.38 264
11.39 231
11.4 272
11.42 252
11.43 233
11.44 209
11.45 224
11.46 266
11.47 230
11.49 222
11.5 202
11.51 236
11.52 197
11.53 222
11.54 200
11.56 232
11.57 233
11.58 205
11.59 229
11.6 203
11.62 226
11.63 228
11.64 199
11.65 188
11.66 226
11.67 222
11.69 215
11.7 189
11.71 219
11.72 187
11.73 187
11.74 188
11.76 199
11.77 202
11.78 178
11.79 190
11.8 189
11.81 208
11.83 183
11.84 216
11.85 168
11.86 179
11.87 157
11.89 197
11.9 201
11.91 195
11.92 175
11.93 188
11.94 159
11.96 184
11.97 161
11.98 167
11.99 180
12.0 179
12.01 182
12.03 159
12.04 176
12.05 159
12.06 166
12.07 161
12.08 174
12.1 169
12.11 170
12.12 140
12.13 167
12.14 177
12.15 190
12.17 165
12.18 151
12.19 162
12.2 178
12.21 171
12.23 153
12.24 159
12.25 150
12.26 173
12.27 157
12.28 149
12.3 158
12.31 153
12.32 159
12.33 147
12.34 126
12.35 159
12.37 155
12.38 141
12.39 120
12.4 150
12.41 132
12.42 147
12.44 141
12.45 141
12.46 146
12.47 140
12.48 128
12.5 154
12.51 130
12.52 134
12.53 147
12.54 128
12.55 133
12.57 125
12.58 154
12.59 138
12.6 129
12.61 146
12.62 131
12.64 136
12.65 115
12.66 107
12.67 132
12.68 143
12.69 128
12.71 150
12.72 106
12.73 109
12.74 103
12.75 124
12.77 117
12.78 118
12.79 127
12.8 111
12.81 113
12.82 134
12.84 118
12.85 117
12.86 116
12.87 122
12.88 119
12.89 100
12.91 118
12.92 129
12.93 107
12.94 115
12.95 112
12.96 114
12.98 113
12.99 97
13.0 108
13.01 110
13.02 108
13.04 102
13.05 107
13.06 119
13.07 108
13.08 106
13.09 133
13.11 108
13.12 98
13.13 107
13.14 101
13.15 102
13.16 91
13.18 110
13.19 89
13.2 102
13.21 114
13.22 89
13.23 97
13.25 89
13.26 83
13.27 98
13.28 90
13.29 111
13.3 74
13.32 88
13.33 94
13.34 84
13.35 75
13.36 72
13.38 78
13.39 80
13.4 86
13.41 97
13.42 59
13.43 78
13.45 93
13.46 78
13.47 72
13.48 89
13.49 76
13.5 74
13.52 77
13.53 71
13.54 78
13.55 58
13.56 81
13.57 75
13.59 79
13.6 88
13.61 86
13.62 56
13.63 77
13.65 68
13.66 55
13.67 61
13.68 84
13.69 79
13.7 88
13.72 60
13.73 76
13.74 71
13.75 90
13.76 74
13.77 72
13.79 72
13.8 81
13.81 79
13.82 90
13.83 77
13.84 85
13.86 88
13.87 87
13.88 71
13.89 79
13.9 63
13.92 78
13.93 57
13.94 60
13.95 59
13.96 54
13.97 64
13.99 58
14.0 55
14.01 64
14.02 48
14.03 47
14.04 40
14.06 56
14.07 43
14.08 35
14.09 40
14.1 45
14.11 49
14.13 34
14.14 38
14.15 33
14.16 36
14.17 47
14.18 51
14.2 50
14.21 40
14.22 46
14.23 49
14.24 43
14.26 41
14.27 60
14.28 47
14.29 43
14.3 50
14.31 43
14.33 46
14.34 42
14.35 42
14.36 56
14.37 54
14.38 65
14.4 51
14.41 54
14.42 67
14.43 49
14.44 57
14.45 63
14.47 65
14.48 70
14.49 63
14.5 65
14.51 48
14.53 58
14.54 62
14.55 54
14.56 58
14.57 46
14.58 47
14.6 45
14.61 38
14.62 40
14.63 51
14.64 46
14.65 51
14.67 33
14.68 39
14.69 26
14.7 38
14.71 47
14.72 54
14.74 48
14.75 39
14.76 42
14.77 52
14.78 44
14.8 36
14.81 33
14.82 32
14.83 35
14.84 34
14.85 33
14.87 42
14.88 39
14.89 36
14.9 54
14.91 46
14.92 39
14.94 38
14.95 48
14.96 42
14.97 52
14.98 56
14.99 48
15.01 51
15.02 60
15.03 67
15.04 90
15.05 60
15.06 87
15.08 74
15.09 94
15.1 88
15.11 83
15.12 97
15.14 116
15.15 113
15.16 130
15.17 135
15.18 138
15.19 133
15.21 135
15.22 145
15.23 140
15.24 144
15.25 128
15.26 163
15.28 124
15.29 163
15.3 160
15.31 174
15.32 169
15.33 173
15.35 185
15.36 169
15.37 157
15.38 158
15.39 171
15.41 161
15.42 199
15.43 192
15.44 183
15.45 188
15.46 193
15.48 181
15.49 191
15.5 191
15.51 177
15.52 223
15.53 208
15.55 235
15.56 249
15.57 207
15.58 214
15.59 201
15.6 223
15.62 262
15.63 251
15.64 236
15.65 250
15.66 277
15.68 283
15.69 295
15.7 317
15.71 286
15.72 331
15.73 348
15.75 317
15.76 331
15.77 386
15.78 359
15.79 385
15.8 439
15.82 397
15.83 424
15.84 435
15.85 452
15.86 478
15.87 491
15.89 492
15.9 542
15.91 536
15.92 487
15.93 537
15.95 560
15.96 603
15.97 651
15.98 617
15.99 638
16.0 675
16.02 620
16.03 676
16.04 630
16.05 606
16.06 625
16.07 615
16.09 547
16.1 509
16.11 480
16.12 468
16.13 448
16.14 429
16.16 397
16.17 380
16.18 375
16.19 322
16.2 342
16.21 309
16.23 292
16.24 319
16.25 282
16.26 330
16.27 294
16.29 304
16.3 320
16.31 322
16.32 303
16.33 330
16.34 330
16.36 345
16.37 359
16.38 358
16.39 357
16.4 390
16.41 356
16.43 390
16.44 434
16.45 418
16.46 445
16.47 452
16.48 459
16.5 518
16.51 507
16.52 554
16.53 563
16.54 538
16.56 584
16.57 599
16.58 615
16.59 598
16.6 624
16.61 615
16.63 607
16.64 613
16.65 555
16.66 496
16.67 497
16.68 495
16.7 449
16.71 458
16.72 395
16.73 398
16.74 328
16.75 359
16.77 350
16.78 315
16.79 304
16.8 283
16.81 297
16.83 245
16.84 279
16.85 236
16.86 246
16.87 236
16.88 264
16.9 205
16.91 237
16.92 218
16.93 205
16.94 202
16.95 199
16.97 211
16.98 190
16.99 170
17.0 181
17.01 178
17.02 185
17.04 177
17.05 174
17.06 155
17.07 168
17.08 189
17.09 180
17.11 199
17.12 196
17.13 153
17.14 190
17.15 194
17.17 193
17.18 175
17.19 214
17.2 193
17.21 202
17.22 172
17.24 189
17.25 173
17.26 173
17.27 167
17.28 168
17.29 145
17.31 163
17.32 161
17.33 149
17.34 116
17.35 119
17.36 128
17.38 122
17.39 111
17.4 120
17.41 143
17.42 119
17.44 118
17.45 118
17.46 121
17.47 127
17.48 138
17.49 117
17.51 115
17.52 112
17.53 115
17.54 116
17.55 109
17.56 105
17.58 87
17.59 93
17.6 74
17.61 59
17.62 89
17.63 68
17.65 68
17.66 69
17.67 53
17.68 51
17.69 39
17.71 53
17.72 40
17.73 35
17.74 41
17.75 34
17.76 37
17.78 30
17.79 24
17.8 15
17.81 34
17.82 26
17.83 28
17.85 26
17.86 26
17.87 26
17.88 17
17.89 30
17.9 20
17.92 29
17.93 25
17.94 17
17.95 20
17.96 26
17.98 25
17.99 32
18.0 36
18.01 17
18.02 30
18.03 19
18.05 29
18.06 26
18.07 35
18.08 33
18.09 34
18.1 37
18.12 24
18.13 29
18.14 21
18.15 39
18.16 26
18.17 30
18.19 20
18.2 28
18.21 24
18.22 15
18.23 24
18.24 14
18.26 17
18.27 22
18.28 22
18.29 20
18.3 12
18.32 21
18.33 16
18.34 19
18.35 15
18.36 13
18.37 16
18.39 13
18.4 9
18.41 13
18.42 10
18.43 10
18.44 20
18.46 12
18.47 9
18.48 9
18.49 8
18.5 10
18.51 12
18.53 3
18.54 10
18.55 6
18.56 4
18.57 4
18.59 5
18.6 4
18.61 5
18.62 5
18.63 8
18.64 2
18.66 6
18.67 2
18.68 4
18.69 3
18.7 3
18.71 4
18.73 6
18.74 3
18.75 1
18.76 7
18.77 3
18.78 2
18.8 5
18.81 6
18.82 6
18.83 1
18.84 6
18.86 4
18.87 6
18.88 3
18.89 3
18.9 5
18.91 0
18.93 0
18.94 9
18.95 6
18.96 3
18.97 5
18.98 6
19.0 2
19.01 2
19.02 3
19.03 3
19.04 4
19.05 4
19.07 2
19.08 7
19.09 3
19.1 1
19.11 3
19.12 5
19.14 2
19.15 2
19.16 7
19.17 5
19.18 7
19.2 5
19.21 1
19.22 5
19.23 4
19.24 3
19.25 5
19.27 4
19.28 8
19.29 5
19.3 3
19.31 3
19.32 3
19.34 0
19.35 7
19.36 2
19.37 3
19.38 2
19.39 5
19.41 5
19.42 4
19.43 1
19.44 2
19.45 4
19.47 3
19.48 3
19.49 6
19.5 3
19.51 3
19.52 6
19.54 1
19.55 2
19.56 2
19.57 4
19.58 4
19.59 0
19.61 8
19.62 3
19.63 4
19.64 3
19.65 4
19.66 2
19.68 3
19.69 4
19.7 4
19.71 6
19.72 4
19.74 3
19.75 3
19.76 6
19.77 2
19.78 1
19.79 2
19.81 5
19.82 4
19.83 2
19.84 2
19.85 1
19.86 2
19.88 2
19.89 2
19.9 4
19.91 0
19.92 1
19.93 3
19.95 2
19.96 2
19.97 3
19.98 5
19.99 1
20.0 4
20.02 1
20.03 0
20.04 0
20.05 1
20.06 2
20.08 6
20.09 1
20.1 2
20.11 1
20.12 1
20.13 3
20.15 2
20.16 2
20.17 5
20.18 3
20.19 3
20.2 4
20.22 1
20.23 2
20.24 2
20.25 5
20.26 3
20.27 2
20.29 2
20.3 2
20.31 1
20.32 1
20.33 1
20.35 3
20.36 2
20.37 1
20.38 1
20.39 2
20.4 3
20.42 1
20.43 2
20.44 0
20.45 4
20.46 1
20.47 3
20.49 1
20.5 0
20.51 2
20.52 2
20.53 0
20.54 1
20.56 5
20.57 3
20.58 3
20.59 3
20.6 1
20.62 2
20.63 3
20.64 2
20.65 3
20.66 1
20.67 1
20.69 0
20.7 3
20.71 1
20.72 3
20.73 4
20.74 1
20.76 0
20.77 1
20.78 2
20.79 1
20.8 2
20.81 1
20.83 1
20.84 3
20.85 1
20.86 1
20.87 3
20.89 1
20.9 1
20.91 5
20.92 2
20.93 1
20.94 2
20.96 2
20.97 0
20.98 1
20.99 0
21.0 0
21.01 1
21.03 1
21.04 1
21.05 0
21.06 1
21.07 4
21.08 1
21.1 3
21.11 3
21.12 1
21.13 0
21.14 0
21.15 3
21.17 0
21.18 4
21.19 2
21.2 2
21.21 3
21.23 0
21.24 4
21.25 1
21.26 2
21.27 0
21.28 2
21.3 0
21.31 2
21.32 2
21.33 2
21.34 1
21.35 2
21.37 0
21.38 2
21.39 1
21.4 1
21.41 0
21.42 2
21.44 6
21.45 3
21.46 0
21.47 1
21.48 1
21.5 0
21.51 0
21.52 0
21.53 2
21.54 3
21.55 0
21.57 1
21.58 0
21.59 1
21.6 2
21.61 2
21.62 0
21.64 1
21.65 2
21.66 0
21.67 1
21.68 0
21.69 2
21.71 2
21.72 2
21.73 2
21.74 1
21.75 1
21.77 1
21.78 2
21.79 1
21.8 1
21.81 1
21.82 0
21.84 2
21.85 2
21.86 2
21.87 0
21.88 2
21.89 3
21.91 0
21.92 0
21.93 0
21.94 3
21.95 1
21.96 1
21.98 2
21.99 1
22.0 0
22.01 0
22.02 0
22.03 1
22.05 1
22.06 2
22.07 0
22.08 1
22.09 0
22.11 0
22.12 0
22.13 1
22.14 0
22.15 0
22.16 2
22.18 1
22.19 2
22.2 1
22.21 1
22.22 2
22.23 1
22.25 2
22.26 0
22.27 0
22.28 1
22.29 2
22.3 0
22.32 0
22.33 0
22.34 2
22.35 1
22.36 0
22.38 1
22.39 2
22.4 3
22.41 0
22.42 4
22.43 1
22.45 0
22.46 2
22.47 1
22.48 2
22.49 5
22.5 2
22.52 2
22.53 0
22.54 1
22.55 1
22.56 3
22.57 0
22.59 1
22.6 1
22.61 0
22.62 0
22.63 0
22.65 0
22.66 2
22.67 0
22.68 1
22.69 3
22.7 1
22.72 1
22.73 1
22.74 1
22.75 1
22.76 0
22.77 1
22.79 3
22.8 1
22.81 3
22.82 2
22.83 0
22.84 0
22.86 0
22.87 2
22.88 1
22.89 3
22.9 1
22.92 1
22.93 2
22.94 3
22.95 1
22.96 1
22.97 4
22.99 1
23.0 1
23.01 0
23.02 1
23.03 1
23.04 0
23.06 3
23.07 3
23.08 1
23.09 2
23.1 3
23.11 1
23.13 3
23.14 1
23.15 1
23.16 0
23.17 0
23.18 2
23.2 1
23.21 1
23.22 0
23.23 2
23.24 3
23.26 1
23.27 4
23.28 1
23.29 1
23.3 2
23.31 3
23.33 1
23.34 4
23.35 1
23.36 3
23.37 1
23.38 1
23.4 3
23.41 3
23.42 3
23.43 3
23.44 1
23.45 3
23.47 2
23.48 2
23.49 3
23.5 3
23.51 1
23.53 3
23.54 3
23.55 2
23.56 3
23.57 3
23.58 2
23.6 3
23.61 2
23.62 2
23.63 4
23.64 3
23.65 3
23.67 2
23.68 3
23.69 3
23.7 4
23.71 1
23.72 2
23.74 1
23.75 3
23.76 2
23.77 1
23.78 0
23.8 4
23.81 4
23.82 2
23.83 1
23.84 0
23.85 4
23.87 2
23.88 1
23.89 4
23.9 4
23.91 4
23.92 2
23.94 1
23.95 1
23.96 4
23.97 3
23.98 232
-0.01 1
