0.0 0
0.01 0
0.02 0
0.03 0
0.04 0
0.05 0
0.06 0
0.08 0
0.09 0
0.1 0
0.11 0
0.12 0
0.14 0
0.15 0
0.16 0
0.17 0
0.18 0
0.19 0
0.21 0
0.22 0
0.23 0
0.24 0
0.25 1
0.27 0
0.28 1
0.29 1
0.3 3
0.31 3
0.32 5
0.34 3
0.35 9
0.36 8
0.37 12
0.38 17
0.4 23
0.41 33
0.42 45
0.43 50
0.44 71
0.45 92
0.47 104
0.48 114
0.49 135
0.5 173
0.51 192
0.53 260
0.54 282
0.55 344
0.56 337
0.57 381
0.58 427
0.6 420
0.61 445
0.62 495
0.63 479
0.64 487
0.66 554
0.67 494
0.68 543
0.69 537
0.7 545
0.71 560
0.73 572
0.74 553
0.75 584
0.76 556
0.77 602
0.79 603
0.8 617
0.81 678
0.82 688
0.83 751
0.84 863
0.86 882
0.87 1076
0.88 1202
0.89 1389
0.9 1542
0.92 1615
0.93 1455
0.94 1377
0.95 1303
0.96 1098
0.97 953
0.99 880
1.0 772
1.01 831
1.02 784
1.03 833
1.05 914
1.06 859
1.07 883
1.08 888
1.09 830
1.1 781
1.12 830
1.13 766
1.14 820
1.15 796
1.16 773
1.18 822
1.19 829
1.2 798
1.21 754
1.22 816
1.23 754
1.25 803
1.26 746
1.27 748
1.28 810
1.29 748
1.31 757
1.32 780
1.33 821
1.34 774
1.35 820
1.36 787
1.38 800
1.39 832
1.4 849
1.41 905
1.42 899
1.44 898
1.45 969
1.46 953
1.47 918
1.48 911
1.5 945
1.51 861
1.52 876
1.53 872
1.54 787
1.55 849
1.57 886
1.58 810
1.59 877
1.6 850
1.61 837
1.63 905
1.64 874
1.65 889
1.66 960
1.67 978
1.68 1048
1.7 1113
1.71 1165
1.72 1240
1.73 1229
1.74 1237
1.76 1268
1.77 1262
1.78 1325
1.79 1525
1.8 1640
1.81 1847
1.83 2216
1.84 2653
1.85 3370
1.86 4320
1.87 5502
1.89 6817
1.9 8090
1.91 9045
1.92 9517
1.93 9516
1.94 8933
1.96 7869
1.97 6853
1.98 5453
1.99 4286
2.0 3561
2.02 2900
2.03 2444
2.04 2176
2.05 1971
2.06 1824
2.07 1766
2.09 1782
2.1 1841
2.11 1866
2.12 1960
2.13 2000
2.15 2080
2.16 2282
2.17 2389
2.18 2591
2.19 2718
2.2 3141
2.22 3576
2.23 3871
2.24 4349
2.25 4736
2.26 5068
2.28 5416
2.29 5563
2.3 5725
2.31 5922
2.32 6010
2.33 6241
2.35 6338
2.36 6516
2.37 6476
2.38 6469
2.39 6214
2.41 6229
2.42 6155
2.43 6113
2.44 6238
2.45 6308
2.46 6677
2.48 6796
2.49 7055
2.5 7345
2.51 7372
2.52 7533
2.54 8016
2.55 8393
2.56 9385
2.57 10889
2.58 13607
2.59 17322
2.61 22742
2.62 29857
2.63 37676
2.64 46667
2.65 55100
2.67 61590
2.68 65411
2.69 65521
2.7 62035
2.71 55730
2.72 47342
2.74 39773
2.75 32254
2.76 25922
2.77 21768
2.78 19623
2.8 18643
2.81 18308
2.82 18250
2.83 18071
2.84 17431
2.85 16212
2.87 15036
2.88 14122
2.89 12987
2.9 12603
2.91 12613
2.93 12582
2.94 12193
2.95 12019
2.96 11346
2.97 10493
2.98 9639
3.0 8454
3.01 7458
3.02 6262
3.03 5463
3.04 4899
3.06 4300
3.07 4042
3.08 3903
3.09 3785
3.1 3967
3.12 4162
3.13 4237
3.14 4381
3.15 4514
3.16 4536
3.17 4445
3.19 4549
3.2 4331
3.21 4210
3.22 4268
3.23 4203
3.25 4280
3.26 4312
3.27 4565
3.28 4732
3.29 4758
3.3 4941
3.32 4972
3.33 4895
3.34 5065
3.35 4765
3.36 4810
3.38 4781
3.39 4737
3.4 4730
3.41 4708
3.42 4816
3.43 5058
3.45 5290
3.46 5583
3.47 6207
3.48 6897
3.49 7739
3.51 9246
3.52 11467
3.53 15472
3.54 22752
3.55 34189
3.56 53948
3.58 83016
3.59 127230
3.6 187432
3.61 265725
3.62 356626
3.64 458964
3.65 560064
3.66 650389
3.67 715038
3.68 747593
3.69 739183
3.71 691881
3.72 619098
3.73 517790
3.74 414350
3.75 315086
3.77 227473
3.78 155738
3.79 102267
3.8 64231
3.81 39387
3.82 24380
3.84 15987
3.85 11462
3.86 9962
3.87 10623
3.88 12650
3.9 16396
3.91 22178
3.92 29823
3.93 39209
3.94 51214
3.95 65039
3.97 78349
3.98 91529
3.99 101512
4.0 108495
4.01 109460
4.03 105649
4.04 95796
4.05 84643
4.06 70530
4.07 55550
4.08 42343
4.1 30708
4.11 21425
4.12 14480
4.13 9084
4.14 5948
4.16 3981
4.17 2647
4.18 1889
4.19 1567
4.2 1351
4.21 1312
4.23 1252
4.24 1231
4.25 1256
4.26 1279
4.27 1218
4.29 1137
4.3 1231
4.31 1283
4.32 1236
4.33 1263
4.34 1310
4.36 1304
4.37 1319
4.38 1330
4.39 1286
4.4 1357
4.42 1332
4.43 1447
4.44 1323
4.45 1360
4.46 1372
4.47 1398
4.49 1390
4.5 1398
4.51 1392
4.52 1349
4.53 1422
4.55 1390
4.56 1402
4.57 1353
4.58 1426
4.59 1322
4.6 1310
4.62 1352
4.63 1421
4.64 1353
4.65 1378
4.66 1399
4.68 1346
4.69 1365
4.7 1300
4.71 1351
4.72 1401
4.73 1420
4.75 1359
4.76 1360
4.77 1410
4.78 1342
4.79 1417
4.81 1438
4.82 1355
4.83 1316
4.84 1425
4.85 1449
4.87 1458
4.88 1435
4.89 1380
4.9 1466
4.91 1425
4.92 1385
4.94 1431
4.95 1383
4.96 1369
4.97 1387
4.98 1409
5.0 1396
5.01 1447
5.02 1373
5.03 1332
5.04 1351
5.05 1293
5.07 1426
5.08 1426
5.09 1315
5.1 1365
5.11 1365
5.13 1374
5.14 1461
5.15 1404
5.16 1352
5.17 1419
5.18 1373
5.2 1380
5.21 1410
5.22 1344
5.23 1376
5.24 1386
5.26 1324
5.27 1357
5.28 1317
5.29 1288
5.3 1294
5.31 1360
5.33 1313
5.34 1340
5.35 1309
5.36 1300
5.37 1301
5.39 1348
5.4 1316
5.41 1317
5.42 1338
5.43 1302
5.44 1305
5.46 1359
5.47 1262
5.48 1210
5.49 1285
5.5 1257
5.52 1229
5.53 1261
5.54 1233
5.55 1296
5.56 1213
5.57 1258
5.59 1280
5.6 1271
5.61 1253
5.62 1159
5.63 1210
5.65 1273
5.66 1188
5.67 1237
5.68 1197
5.69 1276
5.7 1199
5.72 1184
5.73 1193
5.74 1240
5.75 1128
5.76 1258
5.78 1220
5.79 1208
5.8 1216
5.81 1174
5.82 1273
5.83 1210
5.85 1186
5.86 1229
5.87 1180
5.88 1242
5.89 1253
5.91 1218
5.92 1245
5.93 1257
5.94 1279
5.95 1224
5.96 1168
5.98 1228
5.99 1320
6.0 1232
6.01 1218
6.02 1235
6.04 1287
6.05 1232
6.06 1321
6.07 1364
6.08 1333
6.09 1322
6.11 1369
6.12 1291
6.13 1336
6.14 1346
6.15 1397
6.17 1442
6.18 1449
6.19 1380
6.2 1434
6.21 1435
6.22 1491
6.24 1549
6.25 1507
6.26 1527
6.27 1473
6.28 1592
6.3 1552
6.31 1595
6.32 1651
6.33 1700
6.34 1676
6.35 1676
6.37 1683
6.38 1698
6.39 1801
6.4 1784
6.41 1742
6.43 1744
6.44 1632
6.45 1660
6.46 1538
6.47 1574
6.49 1484
6.5 1481
6.51 1470
6.52 1434
6.53 1387
6.54 1442
6.56 1294
6.57 1363
6.58 1413
6.59 1382
6.6 1350
6.62 1365
6.63 1306
6.64 1311
6.65 1357
6.66 1369
6.67 1355
6.69 1363
6.7 1371
6.71 1323
6.72 1311
6.73 1317
6.75 1343
6.76 1404
6.77 1378
6.78 1373
6.79 1413
6.8 1276
6.82 1439
6.83 1304
6.84 1305
6.85 1378
6.86 1382
6.88 1447
6.89 1368
6.9 1419
6.91 1382
6.92 1450
6.93 1463
6.95 1528
6.96 1523
6.97 1522
6.98 1530
6.99 1680
7.01 1688
7.02 1760
7.03 1862
7.04 1857
7.05 1942
7.06 1922
7.08 2059
7.09 2164
7.1 2174
7.11 2169
7.12 2164
7.14 2193
7.15 2209
7.16 2228
7.17 2219
7.18 2342
7.19 2460
7.21 2406
7.22 2372
7.23 2499
7.24 2552
7.25 2690
7.27 2682
7.28 2803
7.29 2914
7.3 2973
7.31 3001
7.32 3174
7.34 3294
7.35 3434
7.36 3426
7.37 3396
7.38 3382
7.4 3314
7.41 3217
7.42 3235
7.43 3085
7.44 2964
7.45 2765
7.47 2632
7.48 2418
7.49 2342
7.5 2122
7.51 2089
7.53 2059
7.54 1917
7.55 1856
7.56 1911
7.57 1936
7.58 1844
7.6 1747
7.61 1744
7.62 1838
7.63 1896
7.64 1863
7.66 1818
7.67 1901
7.68 1857
7.69 1886
7.7 1824
7.71 1833
7.73 1888
7.74 1805
7.75 1761
7.76 1845
7.77 1749
7.79 1694
7.8 1572
7.81 1612
7.82 1577
7.83 1501
7.84 1499
7.86 1455
7.87 1426
7.88 1417
7.89 1462
7.9 1391
7.92 1406
7.93 1440
7.94 1398
7.95 1443
7.96 1455
7.97 1414
7.99 1450
8.0 1459
8.01 1486
8.02 1469
8.03 1516
8.05 1491
8.06 1455
8.07 1484
8.08 1445
8.09 1479
8.1 1507
8.12 1513
8.13 1468
8.14 1397
8.15 1434
8.16 1489
8.18 1467
8.19 1398
8.2 1342
8.21 1413
8.22 1393
8.24 1343
8.25 1444
8.26 1470
8.27 1475
8.28 1484
8.29 1489
8.31 1527
8.32 1477
8.33 1448
8.34 1492
8.35 1498
8.37 1523
8.38 1561
8.39 1526
8.4 1610
8.41 1607
8.42 1592
8.44 1560
8.45 1544
8.46 1650
8.47 1517
8.48 1406
8.5 1442
8.51 1356
8.52 1432
8.53 1362
8.54 1308
8.55 1326
8.57 1315
8.58 1349
8.59 1276
8.6 1256
8.61 1310
8.63 1266
8.64 1304
8.65 1356
8.66 1303
8.67 1267
8.68 1221
8.7 1256
8.71 1314
8.72 1243
8.73 1258
8.74 1280
8.76 1225
8.77 1303
8.78 1244
8.79 1191
8.8 1232
8.81 1175
8.83 1190
8.84 1216
8.85 1171
8.86 1277
8.87 1199
8.89 1218
8.9 1226
8.91 1205
8.92 1188
8.93 1196
8.94 1204
8.96 1192
8.97 1295
8.98 1236
8.99 1234
9.0 1256
9.02 1274
9.03 1206
9.04 1219
9.05 1190
9.06 1278
9.07 1170
9.09 1185
9.1 1204
9.11 1213
9.12 1188
9.13 1233
9.15 1217
9.16 1220
9.17 1186
9.18 1224
9.19 1145
9.2 1174
9.22 1241
9.23 1172
9.24 1234
9.25 1171
9.26 1193
9.28 1217
9.29 1192
9.3 1249
9.31 1193
9.32 1182
9.33 1196
9.35 1200
9.36 1194
9.37 1150
9.38 1200
9.39 1221
9.41 1197
9.42 1196
9.43 1204
9.44 1290
9.45 1208
9.46 1234
9.48 1174
9.49 1238
9.5 1175
9.51 1204
9.52 1148
9.54 1263
9.55 1192
9.56 1179
9.57 1186
9.58 1235
9.59 1217
9.61 1238
9.62 1221
9.63 1198
9.64 1234
9.65 1265
9.67 1306
9.68 1232
9.69 1249
9.7 1280
9.71 1217
9.72 1212
9.74 1215
9.75 1227
9.76 1232
9.77 1249
9.78 1186
9.8 1175
9.81 1169
9.82 1242
9.83 1201
9.84 1218
9.86 1149
9.87 1178
9.88 1132
9.89 1155
9.9 1180
9.91 1189
9.93 1216
9.94 1169
9.95 1246
9.96 1166
9.97 1141
9.99 1154
10.0 1159
10.01 1189
10.02 1203
10.03 1190
10.04 1190
10.06 1216
10.07 1151
10.08 1168
10.09 1135
10.1 1156
10.12 1240
10.13 1132
10.14 1145
10.15 1130
10.16 1097
10.17 1069
10.19 1111
10.2 1209
10.21 1109
10.22 1102
10.23 1100
10.25 1078
10.26 1143
10.27 1064
10.28 1176
10.29 1102
10.3 1128
10.32 1123
10.33 1085
10.34 1129
10.35 1070
10.36 1148
10.38 1114
10.39 1121
10.4 1132
10.41 1108
10.42 1095
10.43 1092
10.45 1100
10.46 1060
10.47 1087
10.48 1074
10.49 1097
10.51 1087
10.52 1089
10.53 1096
10.54 1139
10.55 1057
10.56 1094
10.58 1122
10.59 1101
10.6 1043
10.61 1078
10.62 1066
10.64 1086
10.65 1088
10.66 1137
10.67 1037
10.68 1075
10.69 1113
10.71 1062
10.72 1065
10.73 1081
10.74 1091
10.75 1114
10.77 1131
10.78 981
10.79 1029
10.8 1123
10.81 1073
10.82 1067
10.84 1033
10.85 1055
10.86 1015
10.87 1037
10.88 1052
10.9 1025
10.91 1060
10.92 984
10.93 980
10.94 1028
10.95 1051
10.97 1018
10.98 1030
10.99 993
11.0 1056
11.01 1083
11.03 1131
11.04 1014
11.05 1038
11.06 1017
11.07 1047
11.08 1039
11.1 983
11.11 1040
11.12 998
11.13 990
11.14 1027
11.16 993
11.17 1051
11.18 961
11.19 1011
11.2 1062
11.21 1010
11.23 977
11.24 1021
11.25 957
11.26 954
11.27 1036
11.29 970
11.3 978
11.31 976
11.32 996
11.33 962
11.34 957
11.36 967
11.37 969
11.38 968
11.39 1019
11.4 916
11.42 954
11.43 956
11.44 886
11.45 915
11.46 971
11.47 940
11.49 902
11.5 928
11.51 944
11.52 1006
11.53 927
11.55 980
11.56 933
11.57 933
11.58 885
11.59 910
11.61 839
11.62 923
11.63 878
11.64 872
11.65 846
11.66 904
11.68 917
11.69 901
11.7 875
11.71 882
11.72 897
11.74 895
11.75 866
11.76 817
11.77 823
11.78 876
11.79 884
11.81 879
11.82 836
11.83 857
11.84 841
11.85 836
11.87 796
11.88 859
11.89 803
11.9 844
11.91 822
11.92 757
11.94 767
11.95 752
11.96 823
11.97 780
11.98 804
12.0 799
12.01 778
12.02 796
12.03 768
12.04 811
12.05 721
12.07 723
12.08 763
12.09 788
12.1 769
12.11 779
12.13 759
12.14 760
12.15 723
12.16 741
12.17 761
12.18 780
12.2 759
12.21 739
12.22 697
12.23 731
12.24 721
12.26 763
12.27 688
12.28 725
12.29 734
12.3 709
12.31 662
12.33 690
12.34 675
12.35 666
12.36 742
12.37 691
12.39 713
12.4 679
12.41 673
12.42 656
12.43 652
12.44 658
12.46 686
12.47 682
12.48 696
12.49 697
12.5 687
12.52 640
12.53 670
12.54 642
12.55 631
12.56 608
12.57 622
12.59 615
12.6 605
12.61 580
12.62 632
12.63 605
12.65 622
12.66 584
12.67 565
12.68 590
12.69 573
12.7 569
12.72 560
12.73 589
12.74 595
12.75 584
12.76 595
12.78 558
12.79 560
12.8 575
12.81 579
12.82 555
12.83 547
12.85 558
12.86 517
12.87 534
12.88 523
12.89 563
12.91 500
12.92 479
12.93 481
12.94 476
12.95 479
12.96 478
12.98 540
12.99 462
13.0 523
13.01 519
13.02 455
13.04 461
13.05 517
13.06 466
13.07 440
13.08 406
13.09 454
13.11 426
13.12 471
13.13 418
13.14 421
13.15 429
13.17 412
13.18 423
13.19 421
13.2 413
13.21 400
13.23 422
13.24 424
13.25 416
13.26 348
13.27 385
13.28 377
13.3 364
13.31 373
13.32 382
13.33 340
13.34 363
13.36 311
13.37 355
13.38 305
13.39 329
13.4 325
13.41 296
13.43 327
13.44 307
13.45 323
13.46 331
13.47 271
13.49 282
13.5 257
13.51 253
13.52 227
13.53 256
13.54 258
13.56 244
13.57 251
13.58 221
13.59 260
13.6 235
13.62 216
13.63 232
13.64 211
13.65 212
13.66 183
13.67 190
13.69 196
13.7 197
13.71 179
13.72 217
13.73 165
13.75 166
13.76 166
13.77 184
13.78 149
13.79 148
13.8 135
13.82 138
13.83 163
13.84 127
13.85 137
13.86 146
13.88 114
13.89 128
13.9 128
13.91 110
13.92 93
13.93 108
13.95 110
13.96 98
13.97 92
13.98 87
13.99 67
14.01 81
14.02 63
14.03 62
14.04 53
14.05 50
14.06 46
14.08 37
14.09 44
14.1 40
14.11 37
14.12 31
14.14 20
14.15 24
14.16 25
14.17 23
14.18 18
14.19 28
14.21 16
14.22 16
14.23 19
14.24 17
14.25 17
14.27 23
14.28 21
14.29 22
14.3 19
14.31 21
14.32 18
14.34 19
14.35 19
14.36 18
14.37 15
14.38 19
14.4 11
14.41 19
14.42 19
14.43 22
14.44 25
14.45 16
14.47 17
14.48 10
14.49 17
14.5 25
14.51 20
14.53 11
14.54 11
14.55 23
14.56 18
14.57 13
14.58 16
14.6 17
14.61 19
14.62 17
14.63 18
14.64 18
14.66 15
14.67 16
14.68 17
14.69 22
14.7 10
14.71 18
14.73 15
14.74 20
14.75 26
14.76 17
14.77 20
14.79 18
14.8 13
14.81 13
14.82 21
14.83 6
14.85 17
14.86 14
14.87 18
14.88 21
14.89 23
14.9 18
14.92 12
14.93 8
14.94 18
14.95 21
14.96 13
14.98 21
14.99 14
15.0 17
15.01 20
15.02 21
15.03 14
15.05 16
15.06 21
15.07 17
15.08 21
15.09 15
15.11 11
15.12 8
15.13 14
15.14 12
15.15 10
15.16 15
15.18 9
15.19 13
15.2 22
15.21 14
15.22 18
15.24 20
15.25 12
15.26 9
15.27 21
15.28 12
15.29 14
15.31 11
15.32 13
15.33 16
15.34 23
15.35 14
15.37 11
15.38 22
15.39 18
15.4 12
15.41 10
15.42 17
15.44 8
15.45 9
15.46 15
15.47 7
15.48 7
15.5 13
15.51 12
15.52 15
15.53 16
15.54 14
15.55 13
15.57 11
15.58 12
15.59 10
15.6 14
15.61 11
15.63 12
15.64 12
15.65 10
15.66 12
15.67 8
15.68 12
15.7 13
15.71 13
15.72 5
15.73 15
15.74 10
15.76 18
15.77 12
15.78 11
15.79 11
15.8 6
15.81 9
15.83 10
15.84 11
15.85 7
15.86 12
15.87 10
15.89 11
15.9 20
15.91 9
15.92 7
15.93 17
15.94 15
15.96 15
15.97 15
15.98 10
15.99 8
16.0 10
16.02 8
16.03 7
16.04 13
16.05 8
16.06 6
16.07 11
16.09 9
16.1 9
16.11 10
16.12 13
16.13 8
16.15 8
16.16 9
16.17 10
16.18 6
16.19 20
16.2 10
16.22 8
16.23 10
16.24 12
16.25 6
16.26 14
16.28 9
16.29 8
16.3 10
16.31 10
16.32 10
16.33 9
16.35 7
16.36 12
16.37 4
16.38 8
16.39 11
16.41 7
16.42 9
16.43 9
16.44 8
16.45 6
16.46 12
16.48 7
16.49 8
16.5 2
16.51 9
16.52 11
16.54 5
16.55 6
16.56 4
16.57 8
16.58 6
16.6 3
16.61 8
16.62 12
16.63 5
16.64 11
16.65 7
16.67 4
16.68 11
16.69 9
16.7 4
16.71 0
16.73 7
16.74 2
16.75 6
16.76 9
16.77 9
16.78 3
16.8 9
16.81 9
16.82 8
16.83 3
16.84 5
16.86 10
16.87 7
16.88 4
16.89 6
16.9 6
16.91 3
16.93 2
16.94 5
16.95 2
16.96 4
16.97 5
16.99 2
17.0 10
17.01 2
17.02 7
17.03 5
17.04 4
17.06 4
17.07 2
17.08 7
17.09 4
17.1 2
17.12 0
17.13 7
17.14 9
17.15 4
17.16 4
17.17 5
17.19 3
17.2 1
17.21 4
17.22 5
17.23 0
17.25 1
17.26 3
17.27 0
17.28 2
17.29 2
17.3 5
17.32 4
17.33 0
17.34 4
17.35 3
17.36 2
17.38 1
17.39 2
17.4 4
17.41 3
17.42 8
17.43 1
17.45 4
17.46 0
17.47 4
17.48 5
17.49 5
17.51 3
17.52 3
17.53 3
17.54 6
17.55 2
17.56 3
17.58 2
17.59 3
17.6 1
17.61 3
17.62 4
17.64 1
17.65 5
17.66 2
17.67 1
17.68 1
17.69 3
17.71 1
17.72 1
17.73 0
17.74 1
17.75 1
17.77 0
17.78 1
17.79 0
17.8 1
17.81 1
17.82 2
17.84 3
17.85 2
17.86 2
17.87 1
17.88 1
17.9 2
17.91 4
17.92 1
17.93 0
17.94 1
17.95 1
17.97 2
17.98 1
17.99 2
18.0 0
18.01 2
18.03 1
18.04 0
18.05 0
18.06 0
18.07 1
18.08 0
18.1 0
18.11 0
18.12 2
18.13 1
18.14 3
18.16 1
18.17 0
18.18 0
18.19 0
18.2 2
18.22 0
18.23 0
18.24 0
18.25 1
18.26 1
18.27 0
18.29 0
18.3 2
18.31 2
18.32 0
18.33 1
18.35 3
18.36 0
18.37 1
18.38 1
18.39 0
18.4 1
18.42 5
18.43 0
18.44 2
18.45 0
18.46 0
18.48 1
18.49 2
18.5 2
18.51 0
18.52 0
18.53 0
18.55 1
18.56 1
18.57 1
18.58 3
18.59 2
18.61 2
18.62 2
18.63 0
18.64 0
18.65 1
18.66 0
18.68 0
18.69 1
18.7 0
18.71 0
18.72 0
18.74 1
18.75 0
18.76 0
18.77 0
18.78 0
18.79 1
18.81 0
18.82 0
18.83 0
18.84 2
18.85 1
18.87 0
18.88 1
18.89 0
18.9 1
18.91 1
18.92 1
18.94 0
18.95 0
18.96 1
18.97 1
18.98 2
19.0 0
19.01 1
19.02 2
19.03 0
19.04 0
19.05 0
19.07 2
19.08 1
19.09 0
19.1 0
19.11 1
19.13 1
19.14 1
19.15 0
19.16 0
19.17 1
19.18 1
19.2 1
19.21 0
19.22 1
19.23 1
19.24 0
19.26 1
19.27 1
19.28 1
19.29 0
19.3 0
19.31 0
19.33 1
19.34 0
19.35 0
19.36 0
19.37 3
19.39 0
19.4 0
19.41 2
19.42 1
19.43 0
19.44 0
19.46 0
19.47 1
19.48 1
19.49 1
19.5 0
19.52 1
19.53 1
19.54 0
19.55 1
19.56 0
19.57 1
19.59 0
19.6 0
19.61 1
19.62 1
19.63 4
19.65 1
19.66 0
19.67 1
19.68 2
19.69 0
19.7 0
19.72 1
19.73 0
19.74 2
19.75 1
19.76 0
19.78 0
19.79 1
19.8 1
19.81 0
19.82 2
19.83 0
19.85 2
19.86 0
19.87 2
19.88 1
19.89 0
19.91 0
19.92 2
19.93 0
19.94 2
19.95 0
19.97 1
19.98 1
19.99 1
20.0 0
20.01 1
20.02 0
20.04 0
20.05 0
20.06 2
20.07 0
20.08 0
20.1 1
20.11 0
20.12 0
20.13 0
20.14 1
20.15 0
20.17 1
20.18 2
20.19 0
20.2 0
20.21 0
20.23 0
20.24 0
20.25 0
20.26 0
20.27 0
20.28 1
20.3 0
20.31 0
20.32 1
20.33 1
20.34 0
20.36 0
20.37 1
20.38 0
20.39 0
20.4 2
20.41 0
20.43 0
20.44 2
20.45 0
20.46 0
20.47 2
20.49 0
20.5 0
20.51 1
20.52 1
20.53 0
20.54 1
20.56 0
20.57 1
20.58 0
20.59 0
20.6 0
20.62 0
20.63 0
20.64 0
20.65 0
20.66 0
20.67 0
20.69 0
20.7 1
20.71 0
20.72 1
20.73 1
20.75 0
20.76 1
20.77 0
20.78 2
20.79 0
20.8 0
20.82 1
20.83 0
20.84 0
20.85 0
20.86 0
20.88 2
20.89 0
20.9 0
20.91 0
20.92 0
20.93 0
20.95 0
20.96 0
20.97 0
20.98 3
20.99 0
21.01 1
21.02 1
21.03 1
21.04 0
21.05 0
21.06 0
21.08 1
21.09 1
21.1 0
21.11 0
21.12 1
21.14 0
21.15 0
21.16 0
21.17 0
21.18 0
21.19 1
21.21 0
21.22 1
21.23 0
21.24 1
21.25 1
21.27 0
21.28 0
21.29 0
21.3 0
21.31 1
21.32 0
21.34 0
21.35 1
21.36 1
21.37 2
21.38 1
21.4 0
21.41 0
21.42 0
21.43 1
21.44 0
21.45 0
21.47 0
21.48 0
21.49 0
21.5 0
21.51 0
21.53 1
21.54 2
21.55 0
21.56 0
21.57 1
21.59 1
21.6 0
21.61 0
21.62 0
21.63 0
21.64 0
21.66 0
21.67 0
21.68 0
21.69 0
21.7 1
21.72 0
21.73 0
21.74 0
21.75 0
21.76 0
21.77 1
21.79 0
21.8 0
21.81 0
21.82 0
21.83 0
21.85 0
21.86 0
21.87 0
21.88 0
21.89 0
21.9 0
21.92 0
21.93 2
21.94 0
21.95 0
21.96 1
21.98 0
21.99 0
22.0 1
22.01 0
22.02 1
22.03 0
22.05 0
22.06 0
22.07 0
22.08 0
22.09 0
22.11 0
22.12 1
22.13 0
22.14 1
22.15 0
22.16 1
22.18 0
22.19 1
22.2 2
22.21 0
22.22 0
22.24 0
22.25 0
22.26 0
22.27 0
22.28 1
22.29 1
22.31 0
22.32 0
22.33 0
22.34 0
22.35 0
22.37 0
22.38 0
22.39 1
22.4 0
22.41 0
22.42 0
22.44 0
22.45 0
22.46 0
22.47 0
22.48 0
22.5 1
22.51 0
22.52 1
22.53 0
22.54 1
22.55 0
22.57 0
22.58 0
22.59 0
22.6 0
22.61 0
22.63 1
22.64 0
22.65 1
22.66 0
22.67 0
22.68 0
22.7 0
22.71 0
22.72 0
22.73 0
22.74 1
22.76 0
22.77 0
22.78 0
22.79 0
22.8 0
22.81 0
22.83 0
22.84 0
22.85 0
22.86 1
22.87 1
22.89 0
22.9 1
22.91 1
22.92 0
22.93 0
22.94 0
22.96 1
22.97 0
22.98 1
22.99 0
23.0 1
23.02 0
23.03 0
23.04 0
23.05 1
23.06 0
23.07 0
23.09 0
23.1 0
23.11 1
23.12 0
23.13 0
23.15 1
23.16 0
23.17 0
23.18 0
23.19 0
23.2 0
23.22 0
23.23 0
23.24 0
23.25 0
23.26 0
23.28 1
23.29 0
23.3 0
23.31 0
23.32 0
23.34 0
23.35 1
23.36 0
23.37 0
23.38 0
23.39 0
23.41 0
23.42 1
23.43 1
23.44 0
23.45 0
23.47 1
23.48 0
23.49 0
23.5 0
23.51 0
23.52 0
23.54 0
23.55 0
23.56 0
23.57 0
23.58 0
23.6 0
23.61 0
23.62 0
23.63 0
23.64 0
23.65 0
23.67 0
23.68 0
23.69 0
23.7 0
23.71 0
23.73 0
23.74 0
23.75 0
23.76 0
23.77 0
23.78 0
23.8 0
23.81 1
23.82 0
23.83 0
23.84 0
23.86 0
23.87 0
23.88 0
23.89 0
23.9 0
23.91 1
23.93 0
23.94 0
23.95 0
23.96 0
23.97 0
23.99 1
24.0 0
24.01 0
24.02 0
24.03 0
24.04 1
24.06 0
24.07 0
24.08 0
24.09 0
24.1 0
24.12 0
24.13 0
24.14 9
-0.02 1
-0.04 0
-0.03 2
-0.01 2
